timestamp_ns,传感器类型,ax(m/s²),ay(m/s²),az(m/s²),纬度,经度,速度(m/s),航向角(°),gx(rad/s),gy(rad/s),gz(rad/s)
263649842786837,加速度计,-3.2459,4.5159,7.9690,,,,,,,
263649835487150,陀螺仪,,,,,,,,0.2001,0.1920,0.0680
263649852358087,加速度计,-3.1525,4.5781,7.9929,,,,,,,
263649861929285,加速度计,-3.0760,4.6762,8.0719,,,,,,,
263649854629598,陀螺仪,,,,,,,,0.2111,0.1300,0.0903
263649871500535,加速度计,-3.0090,4.7647,8.1461,,,,,,,
263649881071733,加速度计,-3.0281,4.7695,8.1820,,,,,,,
263649873772045,陀螺仪,,,,,,,,0.2099,0.1523,0.0698
263649890642931,加速度计,-3.0544,4.7671,8.1245,,,,,,,
263649900214129,加速度计,-3.1789,4.7480,8.0288,,,,,,,
263649892914441,陀螺仪,,,,,,,,0.2215,0.2014,0.0386
263649909785327,加速度计,-3.2961,4.7456,7.9140,,,,,,,
263649912056889,陀螺仪,,,,,,,,0.2224,0.2253,0.0283
263649919356577,加速度计,-3.4158,4.7384,7.7752,,,,,,,
263649928927775,加速度计,-3.5163,4.6714,7.8302,,,,,,,
263649938498973,加速度计,-3.3679,4.5613,7.9714,,,,,,,
263649931199285,陀螺仪,,,,,,,,0.2038,0.2216,0.0564
263649948070170,加速度计,-3.2219,4.5972,8.1269,,,,,,,
263649957641420,加速度计,-3.1167,4.7719,8.1724,,,,,,,
263649950341733,陀螺仪,,,,,,,,0.2163,0.2579,0.1046
263649967212618,加速度计,-3.1095,4.9681,8.0815,,,,,,,
263649969484129,陀螺仪,,,,,,,,0.2692,0.3074,0.1000
263649976783816,加速度计,-3.1262,5.0949,7.8876,,,,,,,
263649986355014,加速度计,-3.2124,5.1858,7.6579,,,,,,,
263649988626525,陀螺仪,,,,,,,,0.3104,0.2521,0.0344
263649995926212,加速度计,-3.4564,5.2457,7.4856,,,,,,,
263650005497462,加速度计,-3.7340,5.2170,7.3564,,,,,,,
263650015068660,加速度计,-3.8871,5.1452,7.3158,,,,,,,
263650007768973,陀螺仪,,,,,,,,0.2918,0.1190,-0.0249
263650024639858,加速度计,-3.9063,5.0542,7.2583,,,,,,,
263650026911420,陀螺仪,,,,,,,,0.2041,0.0359,-0.0237
263650034211108,加速度计,-3.7771,4.9896,7.2248,,,,,,,
263650043782306,加速度计,-3.6431,4.9513,7.1913,,,,,,,
263650053353504,加速度计,-3.6144,4.9777,7.1698,,,,,,,
263650046053816,陀螺仪,,,,,,,,0.0593,0.0496,-0.0026
263650062924754,加速度计,-3.6191,5.0447,7.1746,,,,,,,
263650065196264,陀螺仪,,,,,,,,-0.0885,0.0652,0.0026
263650072495952,加速度计,-3.6263,5.1021,7.2727,,,,,,,
263650082067098,加速度计,-3.6455,5.1236,7.4330,,,,,,,
263650084338660,陀螺仪,,,,,,,,-0.1914,0.0331,-0.0176
263650091638348,加速度计,-3.6503,5.1093,7.6508,,,,,,,
263650101209598,加速度计,-3.6120,5.0495,7.8206,,,,,,,
263650110780795,加速度计,-3.5713,4.9633,7.9953,,,,,,,
263650103481108,陀螺仪,,,,,,,,-0.2269,0.0127,-0.0463
263650120351993,加速度计,-3.5426,4.8365,8.1604,,,,,,,
263650122623556,陀螺仪,,,,,,,,-0.1997,0.0111,-0.0548
263650129923243,加速度计,-3.5474,4.7480,8.2920,,,,,,,
263650139494441,加速度计,-3.6024,4.6857,8.3231,,,,,,,
263650141765952,陀螺仪,,,,,,,,-0.1233,0.0429,-0.0392
263650149065639,加速度计,-3.7244,4.6738,8.2561,,,,,,,
263650158636889,加速度计,-3.8489,4.6905,8.1197,,,,,,,
263650160908400,陀螺仪,,,,,,,,-0.0396,0.0594,0.0023
263650168208087,加速度计,-3.8704,4.7145,7.9738,,,,,,,
263650177779285,加速度计,-3.8249,4.7192,7.8446,,,,,,,
263650180050848,陀螺仪,,,,,,,,0.0181,0.0334,0.0472
263650187350535,加速度计,-3.7460,4.7527,7.7082,,,,,,,
263650196921733,加速度计,-3.6790,4.7910,7.5814,,,,,,,
263650199193243,陀螺仪,,,,,,,,0.0383,-0.0081,0.0689
263650206492931,加速度计,-3.5545,4.8461,7.4904,,,,,,,
263650216064181,加速度计,-3.4684,4.9442,7.4569,,,,,,,
263650218335691,陀螺仪,,,,,,,,0.0147,-0.0502,0.0545
263650225635379,加速度计,-3.3583,5.0327,7.4952,,,,,,,
263650235206629,加速度计,-3.3129,5.0590,7.4737,,,,,,,
263650237478139,陀螺仪,,,,,,,,-0.0439,-0.0490,0.0102
263650244777827,加速度计,-3.3320,5.0447,7.4354,,,,,,,
263650254349025,加速度计,-3.3823,4.9777,7.3828,,,,,,,
263650256620587,陀螺仪,,,,,,,,-0.1288,-0.0350,-0.0338
263650263920275,加速度计,-3.4564,4.9322,7.2799,,,,,,,
263650273491473,加速度计,-3.5569,4.8987,7.1865,,,,,,,
263650275763035,陀螺仪,,,,,,,,-0.2223,-0.0493,-0.0505
263650283062723,加速度计,-3.6287,4.9035,7.1435,,,,,,,
263650292633920,加速度计,-3.6670,4.9322,7.1387,,,,,,,
263650294905431,陀螺仪,,,,,,,,-0.3044,-0.1342,-0.0472
263650302205118,加速度计,-3.6766,4.9107,7.1554,,,,,,,
263650311776368,加速度计,-3.6311,4.8532,7.2177,,,,,,,
263650321347566,加速度计,-3.5450,4.7815,7.3588,,,,,,,
263650314047879,陀螺仪,,,,,,,,-0.3750,-0.2421,-0.0444
263650330918816,加速度计,-3.4756,4.7216,7.5383,,,,,,,
263650340490014,加速度计,-3.4253,4.6953,7.7465,,,,,,,
263650333190327,陀螺仪,,,,,,,,-0.4202,-0.3303,-0.0460
263650350061264,加速度计,-3.3655,4.6905,8.0145,,,,,,,
263650352332775,陀螺仪,,,,,,,,-0.4236,-0.3792,-0.0536
263650359632462,加速度计,-3.2650,4.6738,8.2825,,,,,,,
263650369203712,加速度计,-3.1573,4.6618,8.5098,,,,,,,
263650371475223,陀螺仪,,,,,,,,-0.3808,-0.3465,-0.0728
263650378774910,加速度计,-3.0855,4.6331,8.6533,,,,,,,
263650388346108,加速度计,-3.0401,4.5781,8.7873,,,,,,,
263650390617670,陀螺仪,,,,,,,,-0.3109,-0.2735,-0.1187
263650397917358,加速度计,-3.1286,4.4895,8.8472,,,,,,,
263650407488556,加速度计,-3.3296,4.3579,8.8424,,,,,,,
263650409760118,陀螺仪,,,,,,,,-0.2397,-0.1944,-0.1458
263650417059806,加速度计,-3.5234,4.2000,8.7778,,,,,,,
263650426631056,加速度计,-3.6455,4.1163,8.6868,,,,,,,
263650436202254,加速度计,-3.6957,4.0875,8.5672,,,,,,,
263650428902566,陀螺仪,,,,,,,,-0.1746,-0.1367,-0.0933
263650445773452,加速度计,-3.6311,4.1474,8.4428,,,,,,,
263650448045014,陀螺仪,,,,,,,,-0.1190,-0.1214,-0.0102
263650455344702,加速度计,-3.5115,4.2526,8.3399,,,,,,,
263650464915900,加速度计,-3.3344,4.3627,8.3112,,,,,,,
263650467187462,陀螺仪,,,,,,,,-0.0824,-0.1495,0.0218
263650474487150,加速度计,-3.1765,4.4632,8.2777,,,,,,,
263650484058400,加速度计,-3.0568,4.5230,8.2155,,,,,,,
263650486329910,陀螺仪,,,,,,,,-0.0735,-0.1495,-0.0200
263650493629598,加速度计,-3.0185,4.5254,8.0671,,,,,,,
263650503200848,加速度计,-3.1023,4.4967,7.9379,,,,,,,
263650505472358,陀螺仪,,,,,,,,-0.1093,-0.1694,-0.0866
263650512772045,加速度计,-3.1837,4.3890,7.8685,,,,,,,
263650522343295,加速度计,-3.1837,4.3173,7.7943,,,,,,,
263650524614806,陀螺仪,,,,,,,,-0.2012,-0.1877,-0.1116
263650531914493,加速度计,-3.1525,4.3220,7.7800,,,,,,,
263650541485743,加速度计,-3.1095,4.2957,7.8374,,,,,,,
263650543757254,陀螺仪,,,,,,,,-0.3295,-0.1856,-0.1260
263650551056941,加速度计,-3.1167,4.2407,7.8996,,,,,,,
263650560628191,加速度计,-3.1693,4.1498,7.9953,,,,,,,
263650562899754,陀螺仪,,,,,,,,-0.4349,-0.1636,-0.1187
263650570199441,加速度计,-3.2315,4.0947,8.1221,,,,,,,
263650579770639,加速度计,-3.2770,4.0038,8.2513,,,,,,,
263650582042202,陀螺仪,,,,,,,,-0.4837,-0.1523,-0.0796
263650589341889,加速度计,-3.2626,3.9392,8.4428,,,,,,,
263650598913087,加速度计,-3.1669,3.9440,8.6486,,,,,,,
263650601184650,陀螺仪,,,,,,,,-0.4672,-0.1425,-0.0310
263650608484337,加速度计,-3.0233,3.9727,8.8208,,,,,,,
263650618055535,加速度计,-2.9252,3.9870,8.9357,,,,,,,
263650620327098,陀螺仪,,,,,,,,-0.3952,-0.1254,-0.0231
263650627626785,加速度计,-2.8582,3.9990,9.0314,,,,,,,
263650637198035,加速度计,-2.8678,3.9751,9.0649,,,,,,,
263650639469545,陀螺仪,,,,,,,,-0.2953,-0.0970,-0.0496
263650658611993,陀螺仪,,,,,,,,-0.2024,-0.0622,-0.0564
263650677754493,陀螺仪,,,,,,,,-0.1300,-0.0484,-0.0237
263650646769233,加速度计,-2.9803,3.9081,9.0362,,,,,,,
263650656340431,加速度计,-3.0975,3.8387,8.9931,,,,,,,
263650665911681,加速度计,-3.1765,3.7837,8.9333,,,,,,,
263650675482931,加速度计,-3.2171,3.7238,8.8639,,,,,,,
263650685054181,加速度计,-3.2339,3.7047,8.8137,,,,,,,
263650694625379,加速度计,-3.1956,3.7406,8.7802,,,,,,,
263650704196629,加速度计,-3.0760,3.8315,8.8089,,,,,,,
263650696896941,陀螺仪,,,,,,,,-0.0790,-0.0417,0.0255
263650713767827,加速度计,-2.9372,3.9224,8.8687,,,,,,,
263650716039389,陀螺仪,,,,,,,,-0.0338,-0.0292,0.0383
263650723339077,加速度计,-2.8463,3.9966,8.9070,,,,,,,
263650732910327,加速度计,-2.8343,4.0205,8.8878,,,,,,,
263650735181837,陀螺仪,,,,,,,,-0.0054,-0.0011,-0.0105
263650742481525,加速度计,-2.8798,3.9488,8.7586,,,,,,,
263650752052775,加速度计,-2.9803,3.8506,8.6366,,,,,,,
263650761624025,加速度计,-3.0760,3.7837,8.5098,,,,,,,
263650754324337,陀螺仪,,,,,,,,-0.0176,0.0292,-0.0429
263650771195223,加速度计,-3.1454,3.7358,8.3997,,,,,,,
263650773466785,陀螺仪,,,,,,,,-0.0680,0.0536,-0.0218
263650780766473,加速度计,-3.1502,3.7095,8.3662,,,,,,,
263650790337723,加速度计,-3.1406,3.7382,8.3877,,,,,,,
263650792609233,陀螺仪,,,,,,,,-0.1142,0.0631,0.0145
263650799908920,加速度计,-3.0975,3.8554,8.4428,,,,,,,
263650809480170,加速度计,-2.9898,3.9081,8.5074,,,,,,,
263650811751733,陀螺仪,,,,,,,,-0.1175,0.0295,0.0081
263650819051420,加速度计,-2.9300,3.8985,8.5600,,,,,,,
263650828622618,加速度计,-2.8798,3.8674,8.5863,,,,,,,
263650830894181,陀螺仪,,,,,,,,-0.0903,0.0005,-0.0264
263650838193868,加速度计,-2.8223,3.8243,8.5600,,,,,,,
263650847765118,加速度计,-2.8319,3.7525,8.4643,,,,,,,
263650857336316,加速度计,-2.9420,3.6903,8.3853,,,,,,,
263650850036629,陀螺仪,,,,,,,,-0.0607,0.0002,-0.0664
263650866907566,加速度计,-3.0975,3.6520,8.3734,,,,,,,
263650869179129,陀螺仪,,,,,,,,-0.0622,-0.0316,-0.0820
263650876478816,加速度计,-3.1837,3.6257,8.3901,,,,,,,
263650886050014,加速度计,-3.1525,3.6066,8.4428,,,,,,,
263650888321577,陀螺仪,,,,,,,,-0.0870,-0.0374,-0.0628
263650895621264,加速度计,-3.1119,3.5683,8.4500,,,,,,,
263650905192514,加速度计,-3.0855,3.5348,8.4595,,,,,,,
263650907464077,陀螺仪,,,,,,,,-0.1233,-0.0017,-0.0310
263650914763764,加速度计,-3.0999,3.5492,8.4787,,,,,,,
263650924334962,加速度计,-3.0951,3.5850,8.5122,,,,,,,
263650926606525,陀螺仪,,,,,,,,-0.1468,-0.0011,-0.0069
263650933906212,加速度计,-3.0736,3.6568,8.5863,,,,,,,
263650943477462,加速度计,-3.0497,3.7023,8.6940,,,,,,,
263650945748973,陀螺仪,,,,,,,,-0.1303,-0.0347,-0.0029
263650953048660,加速度计,-3.0018,3.7143,8.8113,,,,,,,
263650962619910,加速度计,-2.9755,3.7071,8.9070,,,,,,,
263650964891473,陀螺仪,,,,,,,,-0.0723,-0.0533,-0.0136
263650972191160,加速度计,-2.9779,3.6784,8.9501,,,,,,,
263650981762410,加速度计,-2.9755,3.6640,8.9357,,,,,,,
263650984033920,陀螺仪,,,,,,,,-0.0063,-0.0331,-0.0240
263650991333608,加速度计,-3.0114,3.6760,8.8759,,,,,,,
263651000904858,加速度计,-3.0808,3.6736,8.7849,,,,,,,
263651003176420,陀螺仪,,,,,,,,0.0340,-0.0188,-0.0402
263651010476108,加速度计,-3.1669,3.6473,8.7036,,,,,,,
263651020047358,加速度计,-3.1956,3.6329,8.6198,,,,,,,
263651022318868,陀螺仪,,,,,,,,0.0300,-0.0166,-0.0396
263651029618556,加速度计,-3.1908,3.6257,8.5648,,,,,,,
263651039189806,加速度计,-3.1621,3.6329,8.5505,,,,,,,
263651041461368,陀螺仪,,,,,,,,-0.0100,-0.0111,-0.0197
263651048761056,加速度计,-3.1310,3.6114,8.6055,,,,,,,
263651058332306,加速度计,-3.1310,3.6568,8.6821,,,,,,,
263651060603816,陀螺仪,,,,,,,,-0.0561,0.0081,-0.0053
263651067903504,加速度计,-3.1286,3.6688,8.7275,,,,,,,
263651077474754,加速度计,-3.1238,3.6736,8.7538,,,,,,,
263651079746316,陀螺仪,,,,,,,,-0.0723,0.0255,-0.0075
263651087046004,加速度计,-3.0903,3.6640,8.7802,,,,,,,
263651096617254,加速度计,-3.0616,3.6281,8.8472,,,,,,,
263651098888764,陀螺仪,,,,,,,,-0.0601,0.0344,-0.0093
263651106188452,加速度计,-3.0808,3.5898,8.8950,,,,,,,
263651115759702,加速度计,-3.0975,3.5396,8.8687,,,,,,,
263651118031264,陀螺仪,,,,,,,,-0.0241,0.0625,-0.0087
263651125330952,加速度计,-3.0808,3.5133,8.7802,,,,,,,
263651134902202,加速度计,-3.0832,3.5204,8.7156,,,,,,,
263651137173764,陀螺仪,,,,,,,,0.0089,0.0646,-0.0035
263651144473452,加速度计,-3.1214,3.5157,8.6127,,,,,,,
263651154044650,加速度计,-3.1358,3.5515,8.5337,,,,,,,
263651163615900,加速度计,-3.1262,3.5779,8.4476,,,,,,,
263651156316212,陀螺仪,,,,,,,,0.0224,0.0551,0.0023
263651173187150,加速度计,-3.1549,3.5779,8.3830,,,,,,,
263651175458712,陀螺仪,,,,,,,,0.0062,0.0377,-0.0008
263651182758400,加速度计,-3.2171,3.5707,8.3758,,,,,,,
263651192329545,加速度计,-3.2602,3.5468,8.4117,,,,,,,
263651201900848,加速度计,-3.2483,3.5348,8.4428,,,,,,,
263651194601160,陀螺仪,,,,,,,,-0.0244,0.0231,0.0066
263651211472098,加速度计,-3.1837,3.5850,8.4811,,,,,,,
263651213743660,陀螺仪,,,,,,,,-0.0369,0.0197,0.0197
263651221043348,加速度计,-3.1047,3.6544,8.4571,,,,,,,
263651230614598,加速度计,-2.9779,3.6664,8.4428,,,,,,,
263651232886108,陀螺仪,,,,,,,,-0.0274,-0.0188,-0.0060
263651240185795,加速度计,-2.9755,3.6975,8.4476,,,,,,,
263651249757045,加速度计,-3.0377,3.7047,8.4452,,,,,,,
263651252028608,陀螺仪,,,,,,,,-0.0357,-0.0707,-0.0557
263651259328295,加速度计,-3.0927,3.7406,8.5050,,,,,,,
263651268899545,加速度计,-3.1143,3.7310,8.5002,,,,,,,
263651271171108,陀螺仪,,,,,,,,-0.0561,-0.0820,-0.0869
263651278470795,加速度计,-3.0520,3.7406,8.4236,,,,,,,
263651288042045,加速度计,-3.0903,3.7382,8.3710,,,,,,,
263651290313504,陀螺仪,,,,,,,,-0.1068,-0.1107,-0.1425
263651297613191,加速度计,-3.2626,3.7860,8.4500,,,,,,,
263651307184493,加速度计,-3.4301,3.7860,8.5720,,,,,,,
263651309456056,陀螺仪,,,,,,,,-0.1853,-0.1578,-0.1944
263651316755743,加速度计,-3.5833,3.7549,8.5170,,,,,,,
263651326326993,加速度计,-3.4899,3.7454,8.2609,,,,,,,
263651328598556,陀螺仪,,,,,,,,-0.2983,-0.1657,-0.1969
263651335898243,加速度计,-3.3488,3.6568,8.1389,,,,,,,
263651345469493,加速度计,-3.2339,3.6377,8.1509,,,,,,,
263651347741056,陀螺仪,,,,,,,,-0.4657,-0.2414,-0.2008
263651355040743,加速度计,-3.1454,3.6329,8.2490,,,,,,,
263651364611941,加速度计,-3.1334,3.6999,8.5600,,,,,,,
263651366883504,陀螺仪,,,,,,,,-0.6047,-0.3282,-0.2472
263651374183191,加速度计,-3.1047,3.6927,8.8328,,,,,,,
263651383754441,加速度计,-2.9898,3.6090,8.9548,,,,,,,
263651386026004,陀螺仪,,,,,,,,-0.6954,-0.3187,-0.3432
263651393325691,加速度计,-2.8510,3.5348,9.0864,,,,,,,
263651402896941,加速度计,-2.8726,3.3721,9.2348,,,,,,,
263651405168504,陀螺仪,,,,,,,,-0.7730,-0.2366,-0.4815
263651412468191,加速度计,-3.1095,3.0993,9.2611,,,,,,,
263651422039441,加速度计,-3.4708,2.8193,9.2779,,,,,,,
263651424311004,陀螺仪,,,,,,,,-0.7831,-0.2372,-0.5457
263651431610691,加速度计,-3.8728,2.4796,9.2276,,,,,,,
263651441181837,加速度计,-4.1623,2.0321,9.1391,,,,,,,
263651443453452,陀螺仪,,,,,,,,-0.6859,-0.5053,-0.4137
263651450753139,加速度计,-4.4471,1.5272,9.3281,,,,,,,
263651460324389,加速度计,-4.5930,1.5799,9.8402,,,,,,,
263651462595952,陀螺仪,,,,,,,,-0.5149,-0.6889,-0.0414
263651469895639,加速度计,-4.4614,1.6397,10.3235,,,,,,,
263651481738452,陀螺仪,,,,,,,,-0.2937,-0.4699,0.3948
263651479466889,加速度计,-4.0570,1.5368,10.5413,,,,,,,
263651489038139,加速度计,-3.7699,1.7091,11.0701,,,,,,,
263651498609337,加速度计,-3.7747,2.1733,11.5846,,,,,,,
263651500880952,陀螺仪,,,,,,,,0.0050,-0.1174,0.7356
263651508180639,加速度计,-3.5665,2.6423,11.3261,,,,,,,
263651517751889,加速度计,-3.3368,2.7021,10.5580,,,,,,,
263651527323139,加速度计,-2.5256,2.6662,9.5698,,,,,,,
263651520023452,陀螺仪,,,,,,,,0.3248,0.1901,0.9687
263651536894389,加速度计,-1.6379,2.7571,8.8639,,,,,,,
263651539165952,陀螺仪,,,,,,,,0.4995,-0.1590,0.9540
263651546465639,加速度计,-0.9966,2.9270,8.7179,,,,,,,
263651556036889,加速度计,-0.8602,3.2764,9.3329,,,,,,,
263651558308452,陀螺仪,,,,,,,,0.5135,-0.5429,0.6849
263651565608139,加速度计,-1.2215,3.3123,9.8067,,,,,,,
263651575179389,加速度计,-1.4680,2.9844,9.6320,,,,,,,
263651577450952,陀螺仪,,,,,,,,0.4145,-0.2054,0.5472
263651584750639,加速度计,-1.1617,2.7715,8.9453,,,,,,,
263651594321889,加速度计,-0.9153,2.7523,8.6127,,,,,,,
263651596593400,陀螺仪,,,,,,,,0.1464,0.2515,0.5545
263651603893087,加速度计,-0.9176,2.8433,8.8137,,,,,,,
263651613464337,加速度计,-1.4632,2.5992,9.4358,,,,,,,
263651615735900,陀螺仪,,,,,,,,-0.1398,0.6498,0.7017
263651623035587,加速度计,-2.0112,3.0227,10.3546,,,,,,,
263651632606837,加速度计,-1.5900,3.0802,10.2924,,,,,,,
263651634878400,陀螺仪,,,,,,,,-0.3115,1.3108,0.9885
263651642178087,加速度计,-1.3484,3.0299,9.9766,,,,,,,
263651651749337,加速度计,-1.6044,2.9438,9.6105,,,,,,,
263651661320587,加速度计,-1.5015,2.7811,9.1630,,,,,,,
263651654020900,陀螺仪,,,,,,,,-0.3860,1.7039,1.0930
263651670891837,加速度计,-2.0925,2.6638,9.0027,,,,,,,
263651673163400,陀螺仪,,,,,,,,-0.3872,1.9390,1.1810
263651680463087,加速度计,-3.4804,2.4915,8.9668,,,,,,,
263651690034389,加速度计,-3.7507,2.4652,8.8280,,,,,,,
263651692305900,陀螺仪,,,,,,,,-0.2641,1.7827,1.3566
263651699605587,加速度计,-4.0594,2.8122,8.7491,,,,,,,
263651709176837,加速度计,-3.6335,3.3266,8.3231,,,,,,,
263651711448400,陀螺仪,,,,,,,,-0.0079,1.2317,1.4158
263651718748087,加速度计,-2.9157,3.9129,7.8829,,,,,,,
263651728319337,加速度计,-1.9633,4.3531,7.3421,,,,,,,
263651730590900,陀螺仪,,,,,,,,0.2521,0.6495,1.0997
263651737890587,加速度计,-1.3723,4.6594,7.1124,,,,,,,
263651747461889,加速度计,-1.2598,4.6977,7.1913,,,,,,,
263651749733452,陀螺仪,,,,,,,,0.2774,0.3523,0.3728
263651757033139,加速度计,-1.3101,4.5757,7.2751,,,,,,,
263651766604389,加速度计,-2.0327,4.6834,7.2631,,,,,,,
263651768875952,陀螺仪,,,,,,,,0.2670,0.1251,-0.3615
263651776175639,加速度计,-3.2459,4.5278,6.9233,,,,,,,
263651785746889,加速度计,-3.9087,3.8148,6.5548,,,,,,,
263651788018452,陀螺仪,,,,,,,,0.3993,-0.5661,-0.5270
263651795318139,加速度计,-3.8943,3.2405,6.5979,,,,,,,
263651804889389,加速度计,-3.8895,3.4606,6.8085,,,,,,,
263651807160952,陀螺仪,,,,,,,,0.4289,-1.0991,-0.3935
263651814460639,加速度计,-4.6528,3.8650,6.6769,,,,,,,
263651824031889,加速度计,-3.3440,3.5468,7.2727,,,,,,,
263651826303452,陀螺仪,,,,,,,,0.3299,-1.4430,-0.3233
263651833603139,加速度计,-3.0257,3.4726,8.8854,,,,,,,
263651843174389,加速度计,-4.1647,3.5946,11.2089,,,,,,,
263651845445952,陀螺仪,,,,,,,,0.3495,-1.0954,-0.2082
263651852745639,加速度计,-2.2528,2.7452,8.8543,,,,,,,
263651862316889,加速度计,-1.4034,2.5035,8.9333,,,,,,,
263651864588504,陀螺仪,,,,,,,,0.2401,-0.7369,-0.1229
263651871888191,加速度计,-3.1047,3.4056,10.0747,,,,,,,
263651881459441,加速度计,-2.2959,3.3314,8.9548,,,,,,,
263651883731004,陀螺仪,,,,,,,,0.1482,-0.2198,-0.1126
263651891030691,加速度计,-2.1691,3.2094,8.7443,,,,,,,
263651900601941,加速度计,-3.6120,3.4343,9.2181,,,,,,,
263651902873504,陀螺仪,,,,,,,,0.1183,-0.1587,-0.1180
263651910173191,加速度计,-3.4397,3.2357,8.6797,,,,,,,
263651919744441,加速度计,-2.9635,3.3194,8.7826,,,,,,,
263651922016004,陀螺仪,,,,,,,,0.1992,-0.3309,-0.0350
263651929315691,加速度计,-3.1430,3.6449,9.3377,,,,,,,
263651938886941,加速度计,-2.7434,3.8483,9.5818,,,,,,,
263651941158556,陀螺仪,,,,,,,,0.3923,-0.5734,-0.0557
263651948458243,加速度计,-2.4036,3.9416,9.5674,,,,,,,
263651958029493,加速度计,-2.1906,3.8459,9.1750,,,,,,,
263651960301056,陀螺仪,,,,,,,,0.6393,-0.9207,-0.1370
263651967600743,加速度计,-2.1595,3.6592,8.9022,,,,,,,
263651977171993,加速度计,-2.1500,3.4678,8.6462,,,,,,,
263651979443139,陀螺仪,,,,,,,,0.7371,-1.2121,-0.2213
263651986742827,加速度计,-2.2146,3.3386,8.4021,,,,,,,
263651996314493,加速度计,-2.3509,3.6377,8.6031,,,,,,,
263651998586108,陀螺仪,,,,,,,,0.6781,-1.2237,-0.2720
263652005885795,加速度计,-2.4156,4.0205,8.7826,,,,,,,
263652015457045,加速度计,-2.2385,4.2622,8.7682,,,,,,,
263652017728608,陀螺仪,,,,,,,,0.6158,-1.1574,-0.2289
263652025028295,加速度计,-1.9178,4.3029,8.6270,,,,,,,
263652034599545,加速度计,-1.5852,4.2168,8.6222,,,,,,,
263652036871160,陀螺仪,,,,,,,,0.5587,-1.1929,-0.2136
263652044170848,加速度计,-1.2909,4.1258,8.5337,,,,,,,
263652053742098,加速度计,-0.9894,4.1474,8.4069,,,,,,,
263652063313348,加速度计,-0.7047,4.2168,8.1604,,,,,,,
263652056013660,陀螺仪,,,,,,,,0.5386,-1.2372,-0.2720
263652072884598,加速度计,-0.5515,4.4106,7.9164,,,,,,,
263652075156160,陀螺仪,,,,,,,,0.4616,-1.2390,-0.3945
263652082455848,加速度计,-0.9392,4.6427,8.1676,,,,,,,
263652092027150,加速度计,-1.6116,4.6187,8.4332,,,,,,,
263652094298712,陀螺仪,,,,,,,,0.2957,-0.9543,-0.4467
263652101598400,加速度计,-2.1667,4.3723,8.7156,,,,,,,
263652111169650,加速度计,-2.4275,4.1330,9.0027,,,,,,,
263652113441212,陀螺仪,,,,,,,,0.1079,-0.3877,-0.2866
263652120740900,加速度计,-2.2935,3.9248,8.9620,,,,,,,
263652130312202,加速度计,-1.8461,3.8626,8.8304,,,,,,,
263652132583764,陀螺仪,,,,,,,,-0.0124,-0.0334,-0.0652
263652139883452,加速度计,-1.2335,4.1378,8.5265,,,,,,,
263652149454702,加速度计,-0.6855,4.5302,8.1939,,,,,,,
263652159025952,加速度计,-0.4582,4.7719,8.0312,,,,,,,
263652151726264,陀螺仪,,,,,,,,-0.0946,-0.0502,0.0063
263652168597254,加速度计,-0.5133,4.8078,8.1867,,,,,,,
263652170868816,陀螺仪,,,,,,,,-0.1719,-0.2567,-0.0680
263652178168504,加速度计,-0.8076,4.5182,8.6222,,,,,,,
263652187739754,加速度计,-2.1141,3.7406,8.9788,,,,,,,
263652190011316,陀螺仪,,,,,,,,-0.3695,0.0392,0.1904
263652197311004,加速度计,-4.6840,2.8648,9.3281,,,,,,,
263652206882306,加速度计,-4.8419,2.7260,8.5457,,,,,,,
263652209153868,陀螺仪,,,,,,,,-0.4110,0.1859,1.4980
263652216453556,加速度计,-4.4973,2.7739,7.9044,,,,,,,
263652226024806,加速度计,-4.2030,2.7332,8.3518,,,,,,,
263652228296420,陀螺仪,,,,,,,,-0.0228,-1.0658,2.5282
263652235596108,加速度计,-4.0475,2.1613,9.2348,,,,,,,
263652245167358,加速度计,-2.8175,1.7426,9.4765,,,,,,,
263652247438920,陀螺仪,,,,,,,,1.0309,-2.8428,2.7512
263652254738608,加速度计,0.4606,2.7332,8.4188,,,,,,,
263652264309910,加速度计,1.6164,4.6235,11.0749,,,,,,,
263652266581473,陀螺仪,,,,,,,,2.2566,-4.9054,1.5374
263652273881160,加速度计,-1.2814,4.6116,11.7305,,,,,,,
263652283452410,加速度计,-4.2772,3.2668,7.8135,,,,,,,
263652285724025,陀螺仪,,,,,,,,3.2291,-5.5688,1.1660
263652293023712,加速度计,-3.6359,2.4820,5.1909,,,,,,,
263652302594962,加速度计,-1.5709,3.0371,4.6262,,,,,,,
263652304866577,陀螺仪,,,,,,,,3.4570,-6.6717,1.6147
263652312166264,加速度计,1.0421,4.1904,4.6167,,,,,,,
263652321737514,加速度计,3.2052,5.1308,3.4968,,,,,,,
263652324009077,陀螺仪,,,,,,,,3.6143,-7.4860,1.6971
263652331308764,加速度计,5.5837,5.9970,1.8123,,,,,,,
263652340880066,加速度计,10.1874,7.5595,1.5562,,,,,,,
263652343151629,陀螺仪,,,,,,,,3.2609,-7.6995,1.4580
263652350451316,加速度计,15.8273,10.5458,3.1259,,,,,,,
263652360022566,加速度计,19.5649,12.8644,3.3867,,,,,,,
263652362294181,陀螺仪,,,,,,,,1.5056,-4.1553,0.3969
263652369593868,加速度计,19.9717,12.5270,2.4416,,,,,,,
263652379165118,加速度计,17.5837,10.9143,0.5560,,,,,,,
263652381436681,陀螺仪,,,,,,,,-1.9428,3.6693,-0.7842
263652388736368,加速度计,14.4275,9.3589,-1.2601,,,,,,,
263652398307670,加速度计,10.9029,8.2965,-2.9160,,,,,,,
263652400579233,陀螺仪,,,,,,,,-5.5783,11.3137,-1.3068
263652407878920,加速度计,7.4261,6.6024,-2.2699,,,,,,,
263652417450223,加速度计,3.7029,4.5924,-0.0302,,,,,,,
263652419721785,陀螺仪,,,,,,,,-7.4842,14.5650,-1.7588
263652427021473,加速度计,-2.6405,3.0586,2.2095,,,,,,,
263652436592775,加速度计,-8.7206,1.3238,3.9467,,,,,,,
263652438864337,陀螺仪,,,,,,,,-6.3309,10.8586,-1.7765
263652446164025,加速度计,-13.0660,-0.5091,8.0456,,,,,,,
263652455735327,加速度计,-16.1288,-2.2869,13.7931,,,,,,,
263652458006889,陀螺仪,,,,,,,,-1.5534,0.0075,-0.9626
263652465306577,加速度计,-15.1621,-3.9069,18.4328,,,,,,,
263652474877879,加速度计,-12.9320,-3.7872,23.0438,,,,,,,
263652477149441,陀螺仪,,,,,,,,4.7392,-10.1927,0.1031
263652484449129,加速度计,-11.1206,-3.1771,22.1632,,,,,,,
263652494020379,加速度计,-8.0985,-2.1051,14.0874,,,,,,,
263652496291993,陀螺仪,,,,,,,,8.6805,-13.8011,0.9574
263652503591681,加速度计,-2.3246,0.6419,7.6292,,,,,,,
263652513162931,加速度计,5.2558,4.4489,5.2795,,,,,,,
263652515434545,陀螺仪,,,,,,,,7.4374,-10.6292,1.3202
263652522734233,加速度计,12.3625,7.2102,2.9345,,,,,,,
263652532305483,加速度计,18.1484,8.9904,0.6757,,,,,,,
263652534577098,陀螺仪,,,,,,,,2.2975,0.4009,0.7335
263652541876785,加速度计,19.9980,10.6008,-2.3560,,,,,,,
263652551447983,加速度计,18.4618,11.7111,-7.0819,,,,,,,
263652553719650,陀螺仪,,,,,,,,-3.0964,10.9618,-0.3462
263652561019337,加速度计,15.3440,11.8355,-11.1209,,,,,,,
263652570590587,加速度计,11.5011,11.1368,-14.6791,,,,,,,
263652572862202,陀螺仪,,,,,,,,-5.7231,12.6765,-1.5536
263652580161889,加速度计,6.3422,9.3111,-15.7965,,,,,,,
263652589733139,加速度计,0.1137,5.6859,-11.6091,,,,,,,
263652599304441,加速度计,-5.0357,2.2427,-1.5353,,,,,,,
263652592004754,陀螺仪,,,,,,,,-4.9244,4.8978,-2.6156
263652608875691,加速度计,-6.1364,-0.2387,10.4886,,,,,,,
263652611147306,陀螺仪,,,,,,,,-1.4837,-5.0490,-2.2823
263652618446993,加速度计,-4.1934,-0.5019,21.8737,,,,,,,
263652628018243,加速度计,-2.5950,0.2638,28.2673,,,,,,,
263652630289858,陀螺仪,,,,,,,,3.6845,-11.2056,-1.6177
263652637589545,加速度计,-2.0207,1.6469,27.4298,,,,,,,
263652647160848,加速度计,-0.3362,2.8505,23.0988,,,,,,,
263652649432410,陀螺仪,,,,,,,,6.9722,-11.9826,-0.9846
263652656732098,加速度计,-0.3338,3.3194,16.2793,,,,,,,
263652666303400,加速度计,0.6736,2.2403,8.5385,,,,,,,
263652668574962,陀螺仪,,,,,,,,4.0529,-3.1327,0.1074
263652675874650,加速度计,4.5691,2.5944,5.2268,,,,,,,
263652685445952,加速度计,8.2995,5.6788,1.8673,,,,,,,
263652687717514,陀螺仪,,,,,,,,-1.5631,9.0852,1.1516
263652695017202,加速度计,12.7597,8.9282,-1.1333,,,,,,,
263652704588504,加速度计,15.1095,10.8042,-4.4880,,,,,,,
263652706860118,陀螺仪,,,,,,,,-5.6855,15.4370,0.5866
263652714159806,加速度计,12.9631,11.1918,-8.2639,,,,,,,
263652723731056,加速度计,7.0193,9.2034,-10.6663,,,,,,,
263652726002670,陀螺仪,,,,,,,,-5.8584,10.7669,-1.3743
263652733302358,加速度计,-0.8028,5.5926,-8.3046,,,,,,,
263652742873608,加速度计,-6.5767,2.2235,0.5273,,,,,,,
263652745145223,陀螺仪,,,,,,,,-2.5423,-1.9403,-2.0392
263652752444910,加速度计,-6.8207,-0.7986,12.4268,,,,,,,
263652762016212,加速度计,-3.6407,-0.9876,24.4220,,,,,,,
263652764287775,陀螺仪,,,,,,,,2.4939,-11.1368,-1.3676
263652771587462,加速度计,-1.3125,1.0726,29.9112,,,,,,,
263652781158764,加速度计,1.5996,3.1137,26.3148,,,,,,,
263652783430327,陀螺仪,,,,,,,,7.0369,-13.5262,-0.9397
263652790730014,加速度计,3.0329,5.2170,20.6892,,,,,,,
263652800301316,加速度计,1.6690,4.5709,11.4147,,,,,,,
263652802572879,陀螺仪,,,,,,,,6.2853,-8.1848,-0.4540
263652809872566,加速度计,2.2050,3.0132,5.2603,,,,,,,
263652819443868,加速度计,4.4949,3.9679,3.3078,,,,,,,
263652821715483,陀螺仪,,,,,,,,0.4362,4.9442,0.8596
263652829015170,加速度计,7.3807,6.3727,-0.9610,,,,,,,
263652838586473,加速度计,11.0465,8.7966,-4.1339,,,,,,,
263652840858035,陀螺仪,,,,,,,,-5.1492,15.1481,1.3529
263652848157723,加速度计,11.8146,10.3998,-6.5100,,,,,,,
263652857729025,加速度计,9.5151,10.4405,-9.0679,,,,,,,
263652860000639,陀螺仪,,,,,,,,-6.8269,13.7694,-0.2830
263652867300327,加速度计,3.6742,7.6744,-8.6659,,,,,,,
263652876871577,加速度计,-4.3872,3.9464,-0.4418,,,,,,,
263652879143191,陀螺仪,,,,,,,,-3.5622,0.9632,-1.7735
263652886442879,加速度计,-8.3378,0.6132,12.4651,,,,,,,
263652896014129,加速度计,-6.7059,-1.0690,23.2089,,,,,,,
263652898285743,陀螺仪,,,,,,,,2.0263,-9.5165,-0.9846
263652905585431,加速度计,-4.3370,0.1346,26.4105,,,,,,,
263652915156733,加速度计,0.7238,2.5394,21.2779,,,,,,,
263652917428348,陀螺仪,,,,,,,,5.8030,-11.0049,-0.0808
263652924728035,加速度计,5.4927,6.0903,16.8464,,,,,,,
263652934299285,加速度计,7.0457,6.3176,9.5626,,,,,,,
263652936570900,陀螺仪,,,,,,,,4.6698,-5.4827,0.0408
263652943870587,加速度计,7.8138,4.6499,2.3889,,,,,,,
263652953441889,加速度计,9.7041,5.1093,-1.7124,,,,,,,
263652955713452,陀螺仪,,,,,,,,-0.2895,4.3092,0.1663
263652963013139,加速度计,10.2520,7.3202,-3.5524,,,,,,,
263652972584441,加速度计,9.0939,8.4975,-2.7461,,,,,,,
263652974856056,陀螺仪,,,,,,,,-4.1709,9.5034,-0.2928
263652982155743,加速度计,6.5264,7.8658,-1.0352,,,,,,,
263652991727045,加速度计,2.3174,6.2650,0.5201,,,,,,,
263652993998608,陀螺仪,,,,,,,,-4.7787,7.8052,-1.0792
263653001298295,加速度计,-2.1595,4.1737,4.2721,,,,,,,
263653010869598,加速度计,-5.1673,2.4150,10.4862,,,,,,,
263653013141212,陀螺仪,,,,,,,,-2.7879,2.1168,-1.0646
263653020440900,加速度计,-5.6842,1.4052,16.6597,,,,,,,
263653030012150,加速度计,-4.0020,1.3143,19.3899,,,,,,,
263653032283764,陀螺仪,,,,,,,,0.3183,-1.9290,-0.4119
263653039583452,加速度计,-2.0447,2.2570,18.3251,,,,,,,
263653049154754,加速度计,-0.7860,3.1400,14.8914,,,,,,,
263653051426368,陀螺仪,,,,,,,,2.2673,-2.9030,-0.0893
263653058726056,加速度计,-0.0586,3.5827,10.6274,,,,,,,
263653068297306,加速度计,0.6066,4.2168,6.6434,,,,,,,
263653070568920,陀螺仪,,,,,,,,2.0889,-2.0533,0.0484
263653077868608,加速度计,1.2742,4.6905,4.1142,,,,,,,
263653087439910,加速度计,2.0782,4.9394,3.0948,,,,,,,
263653089711525,陀螺仪,,,,,,,,0.4231,-0.1159,0.0765
263653097011212,加速度计,2.6357,5.2816,3.6691,,,,,,,
263653106582514,加速度计,2.6788,5.4610,5.4302,,,,,,,
263653108854077,陀螺仪,,,,,,,,-0.9608,1.2298,-0.0814
263653116153764,加速度计,2.2528,5.0160,7.2751,,,,,,,
263653125725066,加速度计,1.4441,4.4584,9.2994,,,,,,,
263653127996681,陀螺仪,,,,,,,,-1.1316,1.1574,-0.2253
263653135296368,加速度计,0.6664,4.0134,11.0868,,,,,,,
263653144867670,加速度计,0.3003,3.7980,11.9387,,,,,,,
263653147139233,陀螺仪,,,,,,,,-0.3933,0.4058,-0.1626
263653154438920,加速度计,0.4271,3.8913,11.8454,,,,,,,
263653164010223,加速度计,0.6281,4.1785,10.9863,,,,,,,
263653166281837,陀螺仪,,,,,,,,0.4182,-0.2479,-0.0747
263653173581525,加速度计,0.6712,4.3986,9.5435,,,,,,,
263653183152827,加速度计,0.6281,4.6834,8.2657,,,,,,,
263653185424441,陀螺仪,,,,,,,,0.6607,-0.4177,-0.0478
263653192724129,加速度计,0.6688,4.7527,7.3205,,,,,,,
263653202295431,加速度计,0.6927,4.7767,6.7439,,,,,,,
263653204566993,陀螺仪,,,,,,,,0.3541,-0.1590,-0.0151
263653211866681,加速度计,0.6209,4.7719,6.5740,,,,,,,
263653221437983,加速度计,0.5994,4.7121,6.7056,,,,,,,
263653223709598,陀螺仪,,,,,,,,-0.1114,0.1993,0.0460
263653231009285,加速度计,0.8243,4.6881,7.2799,,,,,,,
263653240580587,加速度计,1.2646,4.6618,8.0743,,,,,,,
263653242852202,陀螺仪,,,,,,,,-0.3188,0.2616,0.0866
263653250151889,加速度计,1.5494,4.7049,8.9955,,,,,,,
263653259723191,加速度计,1.5063,4.6594,9.6488,,,,,,,
263653261994754,陀螺仪,,,,,,,,-0.2098,0.2213,0.0698
263653269294441,加速度计,1.4201,4.5087,9.7516,,,,,,,
263653278865743,加速度计,1.3938,4.4800,9.5985,,,,,,,
263653281137358,陀螺仪,,,,,,,,-0.0167,0.2402,0.0948
263653288437045,加速度计,1.5302,4.5948,9.2133,,,,,,,
263653298008348,加速度计,1.6546,4.7934,8.7419,,,,,,,
263653300279962,陀螺仪,,,,,,,,0.0887,0.2176,0.0783
263653307579650,加速度计,1.6044,4.9298,8.3614,,,,,,,
263653317150952,加速度计,1.4249,4.9442,8.0504,,,,,,,
263653319422566,陀螺仪,,,,,,,,0.1198,0.0652,0.0087
263653326722254,加速度计,1.1139,4.9274,7.8063,,,,,,,
263653336293556,加速度计,0.9392,4.8676,7.6196,,,,,,,
263653338565118,陀螺仪,,,,,,,,0.0453,-0.0347,-0.0060
263653345864806,加速度计,1.0181,4.8796,7.7249,,,,,,,
263653355436160,加速度计,1.1282,4.8820,8.1676,,,,,,,
263653357707723,陀螺仪,,,,,,,,-0.0854,0.0057,0.0014
263653365007410,加速度计,1.2622,4.8221,8.6581,,,,,,,
263653374578712,加速度计,1.2598,4.8413,9.1199,,,,,,,
263653376850327,陀螺仪,,,,,,,,-0.1322,0.1620,0.0008
263653384150014,加速度计,1.0923,4.7145,9.1128,,,,,,,
263653393721316,加速度计,0.9823,4.6857,8.9883,,,,,,,
263653395992931,陀螺仪,,,,,,,,-0.0827,0.2173,0.0133
263653403292618,加速度计,1.0708,4.7121,8.9261,,,,,,,
263653412863920,加速度计,1.1330,4.7743,8.8519,,,,,,,
263653415135535,陀螺仪,,,,,,,,0.0233,0.0771,0.0066
263653422435223,加速度计,1.1402,4.8126,8.7084,,,,,,,
263653432006525,加速度计,1.1641,4.8150,8.5050,,,,,,,
263653434278139,陀螺仪,,,,,,,,0.0883,-0.0612,-0.0206
263653441577827,加速度计,1.1306,4.8269,8.4069,,,,,,,
263653451149129,加速度计,1.0612,4.8078,8.4643,,,,,,,
263653453420743,陀螺仪,,,,,,,,0.0425,-0.0527,-0.0362
263653460720431,加速度计,1.0205,4.6857,8.6007,,,,,,,
263653470291733,加速度计,0.9176,4.6235,8.6797,,,,,,,
263653472563348,陀螺仪,,,,,,,,-0.0057,0.0570,-0.0243
263653479863035,加速度计,0.7478,4.5637,8.6677,,,,,,,
263653489434337,加速度计,0.6712,4.4728,8.4978,,,,,,,
263653491705952,陀螺仪,,,,,,,,-0.0335,0.1468,0.0139
263653499005639,加速度计,0.7095,4.5087,8.3638,,,,,,,
263653508576941,加速度计,0.8746,4.5733,8.3375,,,,,,,
263653510848504,陀螺仪,,,,,,,,-0.0204,0.0695,0.0353
263653518148191,加速度计,1.0923,4.5972,8.3830,,,,,,,
263653527719545,加速度计,1.1545,4.6451,8.4715,,,,,,,
263653529991160,陀螺仪,,,,,,,,-0.0030,0.0044,0.0173
263653537290848,加速度计,1.0469,4.6259,8.4715,,,,,,,
263653546862150,加速度计,0.9583,4.5709,8.3997,,,,,,,
263653549133764,陀螺仪,,,,,,,,-0.0115,0.0108,0.0111
263653556433452,加速度计,0.8698,4.5398,8.3806,,,,,,,
263653566004754,加速度计,0.8770,4.5302,8.3638,,,,,,,
263653568276368,陀螺仪,,,,,,,,-0.0558,0.0570,0.0279
263653575576056,加速度计,0.9488,4.5661,8.4763,,,,,,,
263653585147358,加速度计,0.9990,4.6068,8.5768,,,,,,,
263653587418973,陀螺仪,,,,,,,,-0.0778,0.0881,0.0344
263653594718660,加速度计,0.9918,4.6068,8.5026,,,,,,,
263653604289962,加速度计,0.9416,4.6570,8.4476,,,,,,,
263653606561577,陀螺仪,,,,,,,,-0.0864,0.0820,0.0368
263653613861264,加速度计,1.0038,4.7264,8.4021,,,,,,,
263653623432566,加速度计,1.1091,4.7480,8.4691,,,,,,,
263653625704233,陀螺仪,,,,,,,,-0.0760,-0.0029,0.0270
263653633003920,加速度计,1.1569,4.7862,8.7132,,,,,,,
263653642575223,加速度计,1.1952,4.8102,8.8089,,,,,,,
263653644846837,陀螺仪,,,,,,,,-0.0384,-0.0560,0.0041
263653652146525,加速度计,1.1641,4.7551,8.7969,,,,,,,
263653661717827,加速度计,1.0684,4.7240,8.7897,,,,,,,
263653663989441,陀螺仪,,,,,,,,-0.0158,-0.0536,-0.0017
263653671289129,加速度计,1.0301,4.7336,8.6270,,,,,,,
263653680860431,加速度计,1.0756,4.7288,8.4500,,,,,,,
263653683131993,陀螺仪,,,,,,,,-0.0561,0.0191,0.0139
263653690431681,加速度计,1.1354,4.7288,8.4356,,,,,,,
263653700003035,加速度计,1.2239,4.7958,8.5552,,,,,,,
263653702274650,陀螺仪,,,,,,,,-0.1071,0.0539,0.0075
263653709574337,加速度计,1.2670,4.8652,8.7227,,,,,,,
263653719145639,加速度计,1.2718,4.7934,8.8137,,,,,,,
263653721417306,陀螺仪,,,,,,,,-0.1145,0.0698,-0.0267
263653728716993,加速度计,1.2120,4.7121,8.9333,,,,,,,
263653738288295,加速度计,1.0923,4.6762,8.9931,,,,,,,
263653740559910,陀螺仪,,,,,,,,-0.0971,0.0903,-0.0447
263653747859598,加速度计,0.9655,4.5924,9.0194,,,,,,,
263653757430900,加速度计,0.8554,4.4991,9.0290,,,,,,,
263653759702514,陀螺仪,,,,,,,,-0.0454,0.0518,-0.0383
263653767002202,加速度计,0.8339,4.4680,8.9692,,,,,,,
263653776573400,加速度计,0.8363,4.4752,8.8591,,,,,,,
263653778845170,陀螺仪,,,,,,,,0.0160,-0.0154,-0.0246
263653786144858,加速度计,0.8435,4.4680,8.7395,,,,,,,
263653795716108,加速度计,0.8459,4.4058,8.6007,,,,,,,
263653797987775,陀螺仪,,,,,,,,0.0410,-0.0735,-0.0163
263653805287462,加速度计,0.8626,4.3914,8.5720,,,,,,,
263653814858764,加速度计,0.8171,4.3699,8.5816,,,,,,,
263653817130379,陀螺仪,,,,,,,,0.0367,-0.1138,-0.0066
263653824430066,加速度计,0.7047,4.3316,8.6557,,,,,,,
263653834001368,加速度计,0.7693,4.3938,8.8663,,,,,,,
263653836273035,陀螺仪,,,,,,,,0.0361,-0.1098,0.0212
263653843572723,加速度计,0.9033,4.4249,8.9237,,,,,,,
263653853144025,加速度计,0.9583,4.4824,8.9189,,,,,,,
263653855415639,陀螺仪,,,,,,,,0.0178,0.0151,0.0454
263653862715327,加速度计,0.9607,4.5470,8.7993,,,,,,,
263653872286629,加速度计,1.0062,4.6092,8.6486,,,,,,,
263653874558295,陀螺仪,,,,,,,,-0.0066,0.1046,0.0505
263653881857983,加速度计,1.0828,4.6977,8.5648,,,,,,,
263653891429285,加速度计,1.1067,4.7599,8.4619,,,,,,,
263653893700900,陀螺仪,,,,,,,,-0.0137,0.0851,0.0258
263653901000587,加速度计,1.0708,4.7456,8.3925,,,,,,,
263653910571889,加速度计,1.0469,4.7312,8.4643,,,,,,,
263653912843504,陀螺仪,,,,,,,,-0.0302,0.0460,0.0029
263653920143191,加速度计,0.9775,4.6786,8.4930,,,,,,,
263653929714545,加速度计,0.9129,4.6546,8.5050,,,,,,,
263653931986160,陀螺仪,,,,,,,,-0.0439,0.0295,0.0005
263653939285848,加速度计,0.9727,4.6475,8.5816,,,,,,,
263653948857150,加速度计,1.0851,4.6690,8.6701,,,,,,,
263653951128764,陀螺仪,,,,,,,,-0.0418,0.0102,-0.0032
263653958428452,加速度计,1.1258,4.6451,8.8089,,,,,,,
263653967999806,加速度计,1.1186,4.6140,8.9501,,,,,,,
263653970271420,陀螺仪,,,,,,,,-0.0289,0.0402,-0.0136
263653977571108,加速度计,1.0636,4.5900,8.8519,,,,,,,
263653987142410,加速度计,0.9823,4.5781,8.7132,,,,,,,
263653989414025,陀螺仪,,,,,,,,-0.0308,0.0942,-0.0118
263653996713712,加速度计,0.9511,4.5326,8.6342,,,,,,,
263654006285066,加速度计,1.0253,4.5661,8.6103,,,,,,,
263654008556681,陀螺仪,,,,,,,,-0.0558,0.1132,0.0002
263654015856368,加速度计,1.1210,4.6427,8.6318,,,,,,,
263654025427670,加速度计,1.1354,4.6475,8.7227,,,,,,,
263654027699337,陀螺仪,,,,,,,,-0.0644,0.0954,-0.0197
263654034999025,加速度计,1.0756,4.5852,8.8256,,,,,,,
263654044570327,加速度计,0.9368,4.5757,8.9070,,,,,,,
263654046841941,陀螺仪,,,,,,,,-0.0155,0.0224,-0.0377
263654054141629,加速度计,0.8363,4.5135,8.9548,,,,,,,
263654063712983,加速度计,0.8124,4.5087,8.9309,,,,,,,
263654065984598,陀螺仪,,,,,,,,0.0529,-0.0423,-0.0301
263654073284285,加速度计,0.8937,4.5637,8.7945,,,,,,,
263654082855587,加速度计,0.9751,4.6044,8.6486,,,,,,,
263654085127254,陀螺仪,,,,,,,,0.0618,-0.0276,-0.0246
263654092426941,加速度计,0.9870,4.6427,8.6175,,,,,,,
263654101998243,加速度计,0.8818,4.5996,8.6318,,,,,,,
263654104269858,陀螺仪,,,,,,,,0.0251,0.0270,-0.0304
263654111569545,加速度计,0.7908,4.5661,8.5241,,,,,,,
263654121140900,加速度计,0.7789,4.6092,8.5720,,,,,,,
263654123412514,陀螺仪,,,,,,,,0.0056,0.0105,-0.0261
263654130712202,加速度计,0.7860,4.6259,8.6821,,,,,,,
263654140283504,加速度计,0.7621,4.5733,8.6892,,,,,,,
263654142555170,陀螺仪,,,,,,,,0.0325,-0.0594,-0.0316
263654149854858,加速度计,0.6784,4.5398,8.6988,,,,,,,
263654159426160,加速度计,0.6114,4.4752,8.7108,,,,,,,
263654161697827,陀螺仪,,,,,,,,0.0642,-0.1077,-0.0215
263654168997514,加速度计,0.6497,4.4776,8.6270,,,,,,,
263654178568816,加速度计,0.7717,4.5254,8.6055,,,,,,,
263654180840431,陀螺仪,,,,,,,,0.0450,-0.0686,0.0066
263654188140118,加速度计,0.9105,4.5661,8.6533,,,,,,,
263654197711473,加速度计,1.0493,4.5852,8.6294,,,,,,,
263654199982983,陀螺仪,,,,,,,,-0.0018,0.0328,0.0057
263654207282670,加速度计,1.1091,4.6499,8.5792,,,,,,,
263654216854129,加速度计,1.0301,4.6068,8.5241,,,,,,,
263654219125743,陀螺仪,,,,,,,,-0.0396,0.0835,-0.0148
263654226425431,加速度计,0.9081,4.5326,8.5265,,,,,,,
263654235996681,加速度计,0.8841,4.4919,8.5935,,,,,,,
263654238268400,陀螺仪,,,,,,,,-0.0491,0.0619,-0.0157
263654245568087,加速度计,0.8459,4.4680,8.7036,,,,,,,
263654255139389,加速度计,0.8219,4.4321,8.7586,,,,,,,
263654257411056,陀螺仪,,,,,,,,-0.0247,0.0276,-0.0029
263654264710743,加速度计,0.8746,4.4608,8.8376,,,,,,,
263654274282045,加速度计,0.9009,4.5111,8.8639,,,,,,,
263654276553660,陀螺仪,,,,,,,,0.0114,0.0188,0.0121
263654283853348,加速度计,0.9248,4.5422,8.7108,,,,,,,
263654293424702,加速度计,0.9870,4.6283,8.5528,,,,,,,
263654295696316,陀螺仪,,,,,,,,0.0138,0.0334,0.0142
263654302996004,加速度计,0.9990,4.7001,8.5361,,,,,,,
263654312567358,加速度计,0.9631,4.7097,8.4835,,,,,,,
263654314838973,陀螺仪,,,,,,,,-0.0131,0.0539,0.0066
263654322138660,加速度计,1.0134,4.7192,8.3949,,,,,,,
263654331710014,加速度计,1.0086,4.7384,8.4619,,,,,,,
263654333981629,陀螺仪,,,,,,,,-0.0503,0.0579,-0.0041
263654341281316,加速度计,1.0134,4.7121,8.5863,,,,,,,
263654350852670,加速度计,0.9511,4.6977,8.7778,,,,,,,
263654353124285,陀螺仪,,,,,,,,-0.0415,0.0249,-0.0166
263654360423973,加速度计,0.8985,4.6594,8.8687,,,,,,,
263654369995275,加速度计,0.8626,4.6714,8.8759,,,,,,,
263654372266941,陀螺仪,,,,,,,,0.0102,-0.0197,-0.0179
263654379566629,加速度计,0.8291,4.6786,8.8519,,,,,,,
263654389137983,加速度计,0.8626,4.6714,8.7538,,,,,,,
263654398709285,加速度计,0.9679,4.7288,8.6007,,,,,,,
263654391409598,陀螺仪,,,,,,,,0.0392,-0.0270,-0.0136
263654408280639,加速度计,1.0349,4.7934,8.5744,,,,,,,
263654410552254,陀螺仪,,,,,,,,0.0205,-0.0084,-0.0261
263654417851941,加速度计,1.0014,4.7384,8.6390,,,,,,,
263654427423295,加速度计,0.8937,4.6570,8.6988,,,,,,,
263654429694910,陀螺仪,,,,,,,,-0.0106,0.0350,-0.0417
263654436994598,加速度计,0.7645,4.5852,8.7491,,,,,,,
263654446565952,加速度计,0.7119,4.5517,8.7682,,,,,,,
263654448837566,陀螺仪,,,,,,,,-0.0222,0.0606,-0.0292
263654456137254,加速度计,0.7143,4.5326,8.8065,,,,,,,
263654465708608,加速度计,0.7693,4.5398,8.7921,,,,,,,
263654475279910,加速度计,0.7741,4.5278,8.8017,,,,,,,
263654467980223,陀螺仪,,,,,,,,-0.0189,0.0673,-0.0197
263654484851264,加速度计,0.7717,4.4991,8.7562,,,,,,,
263654487122931,陀螺仪,,,,,,,,-0.0140,0.0646,-0.0163
263654494422618,加速度计,0.8028,4.5135,8.7562,,,,,,,
263654503993868,加速度计,0.9009,4.5637,8.7897,,,,,,,
263654506265587,陀螺仪,,,,,,,,-0.0042,0.0518,-0.0176
263654513565275,加速度计,0.8913,4.5541,8.8615,,,,,,,
263654523136577,加速度计,0.8267,4.4895,8.8543,,,,,,,
263654525408243,陀螺仪,,,,,,,,0.0291,0.0423,-0.0295
263654532707931,加速度计,0.7190,4.4895,8.7419,,,,,,,
263654542279233,加速度计,0.6377,4.4752,8.5481,,,,,,,
263654544550900,陀螺仪,,,,,,,,0.0416,0.0484,-0.0200
263654551850587,加速度计,0.5659,4.4776,8.4619,,,,,,,
263654561421889,加速度计,0.6090,4.5063,8.4045,,,,,,,
263654563693556,陀螺仪,,,,,,,,0.0080,0.0582,0.0066
263654570993243,加速度计,0.7143,4.5757,8.4547,,,,,,,
263654580564598,加速度计,0.7860,4.6164,8.5385,,,,,,,
263654590135900,加速度计,0.8195,4.6355,8.5935,,,,,,,
263654582836212,陀螺仪,,,,,,,,-0.0204,0.0609,0.0108
263654599707254,加速度计,0.7860,4.6307,8.5289,,,,,,,
263654601978868,陀螺仪,,,,,,,,-0.0253,0.0600,-0.0008
263654609278556,加速度计,0.6999,4.6211,8.4787,,,,,,,
263654618849910,加速度计,0.7789,4.6475,8.4763,,,,,,,
263654621121577,陀螺仪,,,,,,,,-0.0323,0.0347,-0.0035
263654628421264,加速度计,0.8267,4.6642,8.5983,,,,,,,
263654637992514,加速度计,0.7932,4.6379,8.6533,,,,,,,
263654640264233,陀螺仪,,,,,,,,-0.0286,0.0249,-0.0157
263654647563920,加速度计,0.7238,4.5996,8.6653,,,,,,,
263654657135275,加速度计,0.6999,4.5685,8.6701,,,,,,,
263654659406889,陀螺仪,,,,,,,,-0.0152,0.0060,-0.0121
263654666706577,加速度计,0.6927,4.5565,8.6940,,,,,,,
263654676277931,加速度计,0.6999,4.5661,8.7347,,,,,,,
263654678549545,陀螺仪,,,,,,,,-0.0066,-0.0063,-0.0035
263654685849233,加速度计,0.8100,4.6068,8.6940,,,,,,,
263654695420587,加速度计,0.8315,4.6666,8.7275,,,,,,,
263654704991941,加速度计,0.7597,4.6116,8.7491,,,,,,,
263654697692254,陀螺仪,,,,,,,,-0.0167,0.0066,-0.0099
263654714563243,加速度计,0.7119,4.5757,8.8113,,,,,,,
263654724134598,加速度计,0.6999,4.5757,8.9237,,,,,,,
263654716834910,陀螺仪,,,,,,,,-0.0347,0.0441,-0.0096
263654733705952,加速度计,0.6879,4.5709,8.8567,,,,,,,
263654735977566,陀螺仪,,,,,,,,-0.0152,0.0570,-0.0017
263654743277254,加速度计,0.6903,4.5637,8.7706,,,,,,,
263654752848608,加速度计,0.6999,4.5781,8.7275,,,,,,,
263654755120275,陀螺仪,,,,,,,,0.0108,0.0139,0.0014
263654762419962,加速度计,0.7597,4.6068,8.7371,,,,,,,
263654771991264,加速度计,0.8195,4.6187,8.7275,,,,,,,
263654774262931,陀螺仪,,,,,,,,0.0215,-0.0053,-0.0044
263654781562618,加速度计,0.7980,4.6164,8.6342,,,,,,,
263654791133973,加速度计,0.7214,4.6020,8.5074,,,,,,,
263654793405639,陀螺仪,,,,,,,,-0.0103,0.0322,-0.0096
263654800705327,加速度计,0.6592,4.6187,8.5505,,,,,,,
263654810276629,加速度计,0.5898,4.5541,8.7108,,,,,,,
263654812548295,陀螺仪,,,,,,,,-0.0271,0.0392,-0.0057
263654819847983,加速度计,0.5157,4.5015,8.7227,,,,,,,
263654829419337,加速度计,0.4917,4.4967,8.7060,,,,,,,
263654831690952,陀螺仪,,,,,,,,0.0059,0.0032,0.0115
263654838990639,加速度计,0.5539,4.5182,8.6677,,,,,,,
263654848561941,加速度计,0.6808,4.5781,8.6581,,,,,,,
263654850833660,陀螺仪,,,,,,,,0.0291,-0.0322,0.0209
263654858133348,加速度计,0.7980,4.6116,8.6510,,,,,,,
263654867704702,加速度计,0.8411,4.6451,8.6510,,,,,,,
263654869976316,陀螺仪,,,,,,,,0.0248,-0.0166,0.0111
263654877276004,加速度计,0.8219,4.6283,8.5768,,,,,,,
263654886847358,加速度计,0.8171,4.6307,8.6055,,,,,,,
263654889119025,陀螺仪,,,,,,,,0.0108,-0.0053,0.0020
263654896418712,加速度计,0.8267,4.6379,8.5792,,,,,,,
263654905990014,加速度计,0.8052,4.6427,8.5050,,,,,,,
263654908261681,陀螺仪,,,,,,,,0.0007,-0.0124,-0.0099
263654915561368,加速度计,0.7023,4.6164,8.5600,,,,,,,
263654925132723,加速度计,0.6305,4.5876,8.6366,,,,,,,
263654927404389,陀螺仪,,,,,,,,-0.0109,-0.0243,-0.0078
263654934704077,加速度计,0.6377,4.5470,8.6773,,,,,,,
263654944275379,加速度计,0.7741,4.6187,8.6892,,,,,,,
263654946547045,陀螺仪,,,,,,,,-0.0182,-0.0166,0.0026
263654953846733,加速度计,0.8291,4.6379,8.7491,,,,,,,
263654963418087,加速度计,0.7765,4.5805,8.8591,,,,,,,
263654972989441,加速度计,0.6927,4.5254,8.9548,,,,,,,
263654965689754,陀螺仪,,,,,,,,-0.0387,0.0377,-0.0023
263654982560743,加速度计,0.6975,4.5422,8.9644,,,,,,,
263654984832410,陀螺仪,,,,,,,,-0.0329,0.0780,0.0115
263654992132098,加速度计,0.7286,4.5685,8.8567,,,,,,,
263655001703452,加速度计,0.7597,4.6522,8.7754,,,,,,,
263655011274806,加速度计,0.7286,4.6307,8.6773,,,,,,,
263655003975118,陀螺仪,,,,,,,,-0.0241,0.0805,0.0133
263655020846056,加速度计,0.7645,4.6140,8.5768,,,,,,,
263655023117775,陀螺仪,,,,,,,,-0.0244,0.0496,0.0008
263655030417462,加速度计,0.8171,4.6546,8.6510,,,,,,,
263655039988816,加速度计,0.8052,4.6068,8.8687,,,,,,,
263655042260483,陀螺仪,,,,,,,,-0.0115,0.0111,-0.0154
263655049560170,加速度计,0.6975,4.5685,8.9572,,,,,,,
263655059131473,加速度计,0.6760,4.5494,8.8519,,,,,,,
263655061403139,陀螺仪,,,,,,,,0.0270,0.0072,-0.0102
263655068702827,加速度计,0.6377,4.5589,8.7610,,,,,,,
263655078274181,加速度计,0.6664,4.5733,8.5959,,,,,,,
263655080545848,陀螺仪,,,,,,,,0.0273,0.0344,0.0063
263655087845535,加速度计,0.7430,4.5900,8.3997,,,,,,,
263655097416889,加速度计,0.8770,4.6977,8.4045,,,,,,,
263655099688504,陀螺仪,,,,,,,,-0.0054,0.0304,0.0020
263655106988191,加速度计,0.8794,4.6977,8.4332,,,,,,,
263655116559545,加速度计,0.7932,4.6857,8.4691,,,,,,,
263655118831212,陀螺仪,,,,,,,,-0.0237,0.0075,-0.0224
263655126130900,加速度计,0.6951,4.6283,8.5481,,,,,,,
263655135702254,加速度计,0.6520,4.5924,8.7132,,,,,,,
263655137973920,陀螺仪,,,,,,,,-0.0225,-0.0118,-0.0234
263655145273608,加速度计,0.6018,4.5541,8.8161,,,,,,,
263655154844910,加速度计,0.6305,4.5565,8.7514,,,,,,,
263655157116577,陀螺仪,,,,,,,,-0.0027,-0.0032,-0.0136
263655164416264,加速度计,0.6066,4.5589,8.6701,,,,,,,
263655173987618,加速度计,0.6185,4.5494,8.6414,,,,,,,
263655183558973,加速度计,0.6784,4.5924,8.7203,,,,,,,
263655176259285,陀螺仪,,,,,,,,-0.0069,-0.0057,-0.0050
263655193130327,加速度计,0.7119,4.6092,8.7060,,,,,,,
263655195401941,陀螺仪,,,,,,,,-0.0234,0.0173,-0.0066
263655202701629,加速度计,0.6832,4.6044,8.6605,,,,,,,
263655212272983,加速度计,0.7095,4.6044,8.7467,,,,,,,
263655214544650,陀螺仪,,,,,,,,-0.0393,0.0249,-0.0130
263655221844337,加速度计,0.6999,4.5852,8.8974,,,,,,,
263655231415691,加速度计,0.6855,4.5541,8.9764,,,,,,,
263655233687358,陀螺仪,,,,,,,,-0.0201,0.0176,-0.0160
263655240987045,加速度计,0.6592,4.5517,8.9692,,,,,,,
263655250558348,加速度计,0.6712,4.5517,8.9477,,,,,,,
263655252830014,陀螺仪,,,,,,,,0.0074,0.0136,-0.0170
263655260129702,加速度计,0.5994,4.5565,8.8663,,,,,,,
263655269701056,加速度计,0.5013,4.5087,8.8280,,,,,,,
263655271972723,陀螺仪,,,,,,,,0.0196,0.0133,-0.0093
263655279272410,加速度计,0.5348,4.4895,8.7443,,,,,,,
263655288843764,加速度计,0.5803,4.5350,8.7658,,,,,,,
263655291115379,陀螺仪,,,,,,,,0.0233,0.0099,0.0063
263655298415066,加速度计,0.6568,4.5565,8.7395,,,,,,,
263655307986420,加速度计,0.7310,4.6068,8.6510,,,,,,,
263655310258087,陀螺仪,,,,,,,,0.0248,0.0148,0.0038
263655317557775,加速度计,0.7430,4.6235,8.5576,,,,,,,
263655327129129,加速度计,0.6903,4.6044,8.4811,,,,,,,
263655329400795,陀螺仪,,,,,,,,0.0025,0.0298,-0.0057
263655336700483,加速度计,0.6568,4.5924,8.4476,,,,,,,
263655346271837,加速度计,0.6544,4.6044,8.5026,,,,,,,
263655348543504,陀螺仪,,,,,,,,-0.0173,0.0279,-0.0057
263655355843191,加速度计,0.6329,4.5996,8.5696,,,,,,,
263655365414493,加速度计,0.6497,4.5805,8.5911,,,,,,,
263655367686160,陀螺仪,,,,,,,,-0.0100,0.0133,-0.0029
263655374985848,加速度计,0.6185,4.5398,8.6390,,,,,,,
263655384557202,加速度计,0.5922,4.5422,8.6414,,,,,,,
263655386828868,陀螺仪,,,,,,,,0.0105,-0.0075,0.0026
263655394128556,加速度计,0.6018,4.5589,8.4858,,,,,,,
263655403699910,加速度计,0.6544,4.5948,8.3518,,,,,,,
263655405971525,陀螺仪,,,,,,,,-0.0051,-0.0148,0.0041
263655413271212,加速度计,0.7238,4.6235,8.3040,,,,,,,
263655422842514,加速度计,0.8052,4.6762,8.3734,,,,,,,
263655425114233,陀螺仪,,,,,,,,-0.0656,-0.0029,-0.0057
263655432413920,加速度计,0.7549,4.6259,8.5959,,,,,,,
263655441985275,加速度计,0.6640,4.5613,8.8161,,,,,,,
263655444256941,陀螺仪,,,,,,,,-0.0903,0.0166,-0.0176
263655451556629,加速度计,0.5922,4.5326,9.0864,,,,,,,
263655461127983,加速度计,0.5659,4.5159,9.1750,,,,,,,
263655470699337,加速度计,0.5755,4.5398,9.1630,,,,,,,
263655463399650,陀螺仪,,,,,,,,-0.0418,0.0154,-0.0044
263655480270639,加速度计,0.5922,4.5781,9.0625,,,,,,,
263655482542306,陀螺仪,,,,,,,,0.0111,0.0081,0.0029
263655489841993,加速度计,0.6257,4.6307,8.9285,,,,,,,
263655499413348,加速度计,0.7119,4.6714,8.7323,,,,,,,
263655501685014,陀螺仪,,,,,,,,0.0135,0.0105,-0.0035
263655508984702,加速度计,0.6951,4.7121,8.6175,,,,,,,
263655518556056,加速度计,0.6903,4.6953,8.6868,,,,,,,
263655520827723,陀螺仪,,,,,,,,-0.0299,0.0347,-0.0170
263655528127410,加速度计,0.6760,4.6594,8.7682,,,,,,,
263655537698764,加速度计,0.6497,4.6187,8.7993,,,,,,,
263655539970379,陀螺仪,,,,,,,,-0.0537,0.0658,-0.0228
263655547270066,加速度计,0.5611,4.5589,8.8926,,,,,,,
263655556841420,加速度计,0.5157,4.4584,8.9572,,,,,,,
263655559113087,陀螺仪,,,,,,,,-0.0338,0.0597,-0.0179
263655566412775,加速度计,0.5659,4.4465,9.0075,,,,,,,
263655575984129,加速度计,0.6401,4.4919,9.0075,,,,,,,
263655578255795,陀螺仪,,,,,,,,0.0215,0.0212,-0.0108
263655585555483,加速度计,0.6497,4.5015,8.9261,,,,,,,
263655595126837,加速度计,0.6233,4.4847,8.8137,,,,,,,
263655597398504,陀螺仪,,,,,,,,0.0633,-0.0151,-0.0096
263655604698191,加速度计,0.6185,4.5135,8.6868,,,,,,,
263655614269493,加速度计,0.6162,4.5422,8.5313,,,,,,,
263655616541212,陀螺仪,,,,,,,,0.0529,-0.0099,-0.0017
263655623840900,加速度计,0.7071,4.5900,8.4428,,,,,,,
263655633412202,加速度计,0.7334,4.6475,8.4739,,,,,,,
263655635683868,陀螺仪,,,,,,,,0.0065,0.0362,-0.0072
263655642983556,加速度计,0.6855,4.6211,8.4021,,,,,,,
263655652554910,加速度计,0.5755,4.5924,8.3949,,,,,,,
263655654826577,陀螺仪,,,,,,,,-0.0381,0.0738,-0.0136
263655662126264,加速度计,0.5324,4.5661,8.4787,,,,,,,
263655671697618,加速度计,0.5133,4.5541,8.6222,,,,,,,
263655673969285,陀螺仪,,,,,,,,-0.0430,0.0472,-0.0063
263655681268973,加速度计,0.5779,4.5613,8.6701,,,,,,,
263655690840327,加速度计,0.6353,4.6044,8.7323,,,,,,,
263655700411681,加速度计,0.6855,4.6522,8.7634,,,,,,,
263655693111993,陀螺仪,,,,,,,,-0.0106,-0.0105,-0.0066
263655709982983,加速度计,0.6640,4.6594,8.7610,,,,,,,
263655719554337,加速度计,0.5731,4.6235,8.7012,,,,,,,
263655712254650,陀螺仪,,,,,,,,0.0050,-0.0188,-0.0203
263655729125691,加速度计,0.5372,4.5852,8.5959,,,,,,,
263655738697045,加速度计,0.5396,4.5733,8.5696,,,,,,,
263655731397358,陀螺仪,,,,,,,,-0.0219,0.0304,-0.0203
263655748268400,加速度计,0.5252,4.5733,8.6725,,,,,,,
263655750540066,陀螺仪,,,,,,,,-0.0589,0.0655,-0.0142
263655757839754,加速度计,0.5252,4.5350,8.7443,,,,,,,
263655767411108,加速度计,0.4965,4.5326,8.8472,,,,,,,
263655769682775,陀螺仪,,,,,,,,-0.0555,0.0579,-0.0105
263655776982462,加速度计,0.5444,4.5230,8.9046,,,,,,,
263655786553816,加速度计,0.5420,4.5135,8.9333,,,,,,,
263655788825483,陀螺仪,,,,,,,,-0.0277,0.0319,-0.0124
263655796125170,加速度计,0.5061,4.4847,8.9453,,,,,,,
263655805696473,加速度计,0.4630,4.4608,8.9333,,,,,,,
263655807968139,陀螺仪,,,,,,,,0.0053,0.0105,-0.0069
263655815267827,加速度计,0.4295,4.4871,8.8878,,,,,,,
263655824839181,加速度计,0.4415,4.4704,8.7347,,,,,,,
263655827110848,陀螺仪,,,,,,,,0.0199,0.0047,0.0084
263655834410535,加速度计,0.4941,4.4919,8.6581,,,,,,,
263655843981889,加速度计,0.5707,4.5517,8.6653,,,,,,,
263655846253556,陀螺仪,,,,,,,,-0.0054,0.0313,0.0163
263655853553243,加速度计,0.6568,4.5805,8.6892,,,,,,,
263655863124598,加速度计,0.7238,4.6307,8.7730,,,,,,,
263655865396264,陀螺仪,,,,,,,,-0.0213,0.0634,0.0011
263655872695952,加速度计,0.6353,4.6020,8.7538,,,,,,,
263655882267306,加速度计,0.5204,4.5637,8.6868,,,,,,,
263655884538973,陀螺仪,,,,,,,,-0.0161,0.0716,-0.0096
263655891838660,加速度计,0.4558,4.5350,8.6653,,,,,,,
263655901409910,加速度计,0.4869,4.5422,8.6270,,,,,,,
263655903681629,陀螺仪,,,,,,,,0.0010,0.0380,-0.0020
263655910981316,加速度计,0.5061,4.5565,8.5887,,,,,,,
263655920552670,加速度计,0.4917,4.5422,8.4858,,,,,,,
263655922824337,陀螺仪,,,,,,,,0.0040,0.0041,0.0002
263655930124025,加速度计,0.4534,4.5613,8.4284,,,,,,,
263655939695379,加速度计,0.4893,4.5876,8.4571,,,,,,,
263655941967045,陀螺仪,,,,,,,,-0.0210,-0.0194,0.0011
263655949266733,加速度计,0.5372,4.5852,8.5744,,,,,,,
263655958838087,加速度计,0.5372,4.5876,8.6821,,,,,,,
263655961109754,陀螺仪,,,,,,,,-0.0476,0.0017,-0.0023
263655968409441,加速度计,0.5444,4.5637,8.7538,,,,,,,
263655977980795,加速度计,0.5013,4.5685,8.7730,,,,,,,
263655980252462,陀螺仪,,,,,,,,-0.0650,0.0438,-0.0005
263655987552150,加速度计,0.4391,4.5398,8.7538,,,,,,,
263655997123504,加速度计,0.4391,4.5254,8.7347,,,,,,,
263655999395170,陀螺仪,,,,,,,,-0.0812,0.0722,0.0081
263656006694858,加速度计,0.4630,4.5470,8.8615,,,,,,,
263656016266160,加速度计,0.4893,4.5374,9.0314,,,,,,,
263656018537775,陀螺仪,,,,,,,,-0.0564,0.0399,0.0063
263656025837462,加速度计,0.5348,4.5135,9.1439,,,,,,,
263656035408868,加速度计,0.5755,4.5470,9.1391,,,,,,,
263656037680535,陀螺仪,,,,,,,,0.0083,0.0005,-0.0047
263656044980223,加速度计,0.5420,4.5541,8.9788,,,,,,,
263656054551577,加速度计,0.4941,4.5063,8.7921,,,,,,,
263656056823243,陀螺仪,,,,,,,,0.0199,0.0014,-0.0084
263656064122931,加速度计,0.4606,4.4967,8.7251,,,,,,,
263656073694285,加速度计,0.4032,4.4967,8.7347,,,,,,,
263656083265639,加速度计,0.4510,4.4560,8.7491,,,,,,,
263656075965952,陀螺仪,,,,,,,,-0.0082,0.0212,-0.0026
263656092836993,加速度计,0.5180,4.4847,8.8735,,,,,,,
263656095108608,陀螺仪,,,,,,,,-0.0124,0.0279,0.0023
263656102408295,加速度计,0.5563,4.4824,8.9166,,,,,,,
263656111979650,加速度计,0.5061,4.4489,8.8711,,,,,,,
263656114251316,陀螺仪,,,,,,,,0.0068,0.0295,-0.0035
263656121551004,加速度计,0.4247,4.4297,8.8304,,,,,,,
263656131122358,加速度计,0.3840,4.4297,8.6749,,,,,,,
263656133394025,陀螺仪,,,,,,,,0.0230,0.0154,0.0063
263656140693712,加速度计,0.3529,4.4489,8.5409,,,,,,,
263656150265066,加速度计,0.4893,4.4991,8.5074,,,,,,,
263656152536733,陀螺仪,,,,,,,,0.0221,-0.0243,0.0151
263656159836420,加速度计,0.6353,4.5781,8.5385,,,,,,,
263656169407775,加速度计,0.6473,4.5948,8.5122,,,,,,,
263656171679441,陀螺仪,,,,,,,,-0.0042,-0.0118,-0.0063
263656178979129,加速度计,0.5683,4.5685,8.5146,,,,,,,
263656188550483,加速度计,0.5133,4.5350,8.5840,,,,,,,
263656190822150,陀螺仪,,,,,,,,-0.0430,0.0157,-0.0136
263656198121837,加速度计,0.5109,4.5302,8.6988,,,,,,,
263656207693139,加速度计,0.5061,4.5135,8.7849,,,,,,,
263656209964806,陀螺仪,,,,,,,,-0.0537,0.0307,-0.0115
263656217264493,加速度计,0.4343,4.4943,8.8280,,,,,,,
263656226835848,加速度计,0.3984,4.4680,8.7993,,,,,,,
263656229107514,陀螺仪,,,,,,,,-0.0231,-0.0053,-0.0075
263656236407202,加速度计,0.3745,4.4728,8.7275,,,,,,,
263656245978556,加速度计,0.3051,4.4512,8.6797,,,,,,,
263656248250223,陀螺仪,,,,,,,,-0.0030,-0.0554,0.0020
263656255549910,加速度计,0.3027,4.4082,8.7084,,,,,,,
263656265121264,加速度计,0.3745,4.4321,8.8376,,,,,,,
263656267392931,陀螺仪,,,,,,,,-0.0005,-0.0710,0.0170
263656274692618,加速度计,0.4917,4.4895,8.8089,,,,,,,
263656284263920,加速度计,0.5420,4.5254,8.8376,,,,,,,
263656286535587,陀螺仪,,,,,,,,-0.0063,-0.0533,0.0148
263656293835275,加速度计,0.6209,4.5398,8.9309,,,,,,,
263656303406629,加速度计,0.6688,4.5757,8.8926,,,,,,,
263656305678295,陀螺仪,,,,,,,,-0.0082,-0.0200,-0.0014
263656312977983,加速度计,0.6712,4.5852,8.7395,,,,,,,
263656322549337,加速度计,0.5803,4.5757,8.8400,,,,,,,
263656324821004,陀螺仪,,,,,,,,-0.0286,0.0053,-0.0200
263656332120691,加速度计,0.4439,4.5063,9.0218,,,,,,,
263656341692045,加速度计,0.3888,4.4752,9.0793,,,,,,,
263656343963712,陀螺仪,,,,,,,,-0.0002,-0.0020,-0.0157
263656351263400,加速度计,0.4295,4.4895,9.0577,,,,,,,
263656360834702,加速度计,0.4104,4.5206,8.9788,,,,,,,
263656363106368,陀螺仪,,,,,,,,0.0551,-0.0481,-0.0115
263656370406056,加速度计,0.3649,4.4871,8.7538,,,,,,,
263656379977410,加速度计,0.3529,4.4847,8.5146,,,,,,,
263656382249077,陀螺仪,,,,,,,,0.0486,-0.0542,-0.0008
263656389548764,加速度计,0.5085,4.5517,8.4380,,,,,,,
263656399120118,加速度计,0.5779,4.6044,8.6079,,,,,,,
263656401391785,陀螺仪,,,,,,,,-0.0207,-0.0072,0.0023
263656408691473,加速度计,0.6209,4.5709,8.7610,,,,,,,
263656418262827,加速度计,0.6377,4.5781,8.8519,,,,,,,
263656420533973,陀螺仪,,,,,,,,-0.0491,0.0457,-0.0078
263656427833660,加速度计,0.6185,4.5613,8.9189,,,,,,,
263656437405483,加速度计,0.5755,4.5087,8.9668,,,,,,,
263656439677150,陀螺仪,,,,,,,,-0.0222,0.0331,-0.0176
263656446976837,加速度计,0.4750,4.4512,8.9070,,,,,,,
263656456548191,加速度计,0.4032,4.4393,8.8161,,,,,,,
263656458819858,陀螺仪,,,,,,,,0.0166,-0.0035,-0.0081
263656466119545,加速度计,0.4367,4.4297,8.6916,,,,,,,
263656475690900,加速度计,0.5539,4.4943,8.6342,,,,,,,
263656477962566,陀螺仪,,,,,,,,0.0126,-0.0139,0.0050
263656485262254,加速度计,0.6018,4.5541,8.6916,,,,,,,
263656494833556,加速度计,0.5970,4.5446,8.6629,,,,,,,
263656497105223,陀螺仪,,,,,,,,-0.0201,0.0313,0.0011
263656504404910,加速度计,0.5635,4.5230,8.6294,,,,,,,
263656513976264,加速度计,0.5659,4.5374,8.6988,,,,,,,
263656516247931,陀螺仪,,,,,,,,-0.0418,0.0484,-0.0053
263656523547618,加速度计,0.5803,4.5159,8.7706,,,,,,,
263656533118973,加速度计,0.5563,4.5015,8.7084,,,,,,,
263656535390587,陀螺仪,,,,,,,,-0.0256,0.0240,-0.0111
263656542690275,加速度计,0.5348,4.5254,8.7323,,,,,,,
263656552261629,加速度计,0.5300,4.5206,8.7275,,,,,,,
263656561832983,加速度计,0.5970,4.5254,8.6318,,,,,,,
263656554533295,陀螺仪,,,,,,,,-0.0051,-0.0157,-0.0157
263656571404337,加速度计,0.6090,4.5637,8.6677,,,,,,,
263656573676004,陀螺仪,,,,,,,,-0.0048,-0.0383,-0.0218
263656580975691,加速度计,0.6520,4.5757,8.7826,,,,,,,
263656590547045,加速度计,0.6305,4.5876,8.8663,,,,,,,
263656592818660,陀螺仪,,,,,,,,-0.0039,-0.0307,-0.0338
263656600118348,加速度计,0.5635,4.5565,8.9237,,,,,,,
263656609689702,加速度计,0.4822,4.4776,8.9118,,,,,,,
263656611961368,陀螺仪,,,,,,,,0.0187,-0.0347,-0.0380
263656619261056,加速度计,0.3912,4.4704,8.8472,,,,,,,
263656628832410,加速度计,0.4056,4.4847,8.7156,,,,,,,
263656631104077,陀螺仪,,,,,,,,0.0306,-0.0478,-0.0264
263656638403764,加速度计,0.5300,4.5206,8.6462,,,,,,,
263656647975066,加速度计,0.5946,4.5422,8.7108,,,,,,,
263656650246733,陀螺仪,,,,,,,,0.0111,-0.0615,-0.0341
263656657546420,加速度计,0.6377,4.5613,8.8854,,,,,,,
263656667117775,加速度计,0.6903,4.5302,9.0075,,,,,,,
263656676689129,加速度计,0.6425,4.5206,8.9931,,,,,,,
263656669389441,陀螺仪,,,,,,,,0.0202,-0.0560,-0.0554
263656686260431,加速度计,0.5731,4.5230,8.7993,,,,,,,
263656688532098,陀螺仪,,,,,,,,0.0300,-0.0090,-0.0741
263656695831785,加速度计,0.5085,4.4704,8.7084,,,,,,,
263656705403139,加速度计,0.3888,4.4584,8.7132,,,,,,,
263656707674806,陀螺仪,,,,,,,,-0.0112,0.0683,-0.0838
263656714974493,加速度计,0.3338,4.4297,8.6510,,,,,,,
263656724545795,加速度计,0.3338,4.4465,8.6510,,,,,,,
263656726817462,陀螺仪,,,,,,,,-0.0470,0.1034,-0.0716
263656734117150,加速度计,0.3505,4.5422,8.7562,,,,,,,
263656743688504,加速度计,0.4630,4.6020,8.7754,,,,,,,
263656745960170,陀螺仪,,,,,,,,-0.0619,0.1281,-0.1034
263656753259858,加速度计,0.5252,4.6283,8.7682,,,,,,,
263656762831212,加速度计,0.5085,4.6379,8.9046,,,,,,,
263656772402514,加速度计,0.5013,4.5541,9.1128,,,,,,,
263656765102827,陀螺仪,,,,,,,,-0.0778,0.2014,-0.1880
263656781973868,加速度计,0.3673,4.5422,9.2707,,,,,,,
263656784245535,陀螺仪,,,,,,,,-0.0415,0.3034,-0.2830
263656791545223,加速度计,0.2859,4.5159,9.3473,,,,,,,
263656801116577,加速度计,0.5085,4.4273,9.2587,,,,,,,
263656803388191,陀螺仪,,,,,,,,0.0480,0.3532,-0.3896
263656810687879,加速度计,0.6377,4.4584,9.1391,,,,,,,
263656820259233,加速度计,2.2744,3.6520,9.6870,,,,,,,
263656822530900,陀螺仪,,,,,,,,0.2240,0.3535,-0.6626
263656829830587,加速度计,1.1665,4.8221,10.0555,,,,,,,
263656839401941,加速度计,0.0227,5.6644,9.7660,,,,,,,
263656841673556,陀螺仪,,,,,,,,0.5398,0.5399,-0.9943
263656848973243,加速度计,-0.3266,5.2816,8.9261,,,,,,,
263656858544598,加速度计,-0.2955,4.8891,8.4811,,,,,,,
263656860816264,陀螺仪,,,,,,,,0.6668,0.2637,-1.0478
263656868115952,加速度计,-0.1687,4.6451,8.2083,,,,,,,
263656877687254,加速度计,-0.3505,4.3675,7.9690,,,,,,,
263656879958920,陀螺仪,,,,,,,,0.5770,0.1492,-1.1098
263656887258608,加速度计,-0.7836,4.1665,7.8135,,,,,,,
263656896829962,加速度计,-1.3651,4.0947,7.8206,,,,,,,
263656899101629,陀螺仪,,,,,,,,0.4463,0.1321,-0.9113
263656906401316,加速度计,-1.6690,4.1833,7.8206,,,,,,,
263656915972618,加速度计,-1.4752,4.3962,7.9546,,,,,,,
263656925543973,加速度计,-1.0325,4.6881,8.1245,,,,,,,
263656918244285,陀螺仪,,,,,,,,0.2847,0.1211,-0.5172
263656935115327,加速度计,-0.5850,5.0064,8.3710,,,,,,,
263656937386941,陀螺仪,,,,,,,,0.1485,0.2671,-0.3682
263656944686629,加速度计,-0.2285,4.9609,8.3327,,,,,,,
263656954257983,加速度计,-0.8722,4.3699,7.8829,,,,,,,
263656956529598,陀螺仪,,,,,,,,0.1030,0.3935,-0.3786
263656963829285,加速度计,-0.7717,4.9585,8.5935,,,,,,,
263656973400691,加速度计,-0.9296,4.8867,8.6533,,,,,,,
263656975672306,陀螺仪,,,,,,,,0.0636,0.5680,-0.3648
263656982971993,加速度计,-0.7621,4.6283,8.7108,,,,,,,
263656992543348,加速度计,-0.0012,4.7121,8.8065,,,,,,,
263656994815014,陀螺仪,,,,,,,,0.0911,0.6782,-0.4998
263657002114702,加速度计,0.2931,4.8030,8.5217,,,,,,,
263657011686004,加速度计,-0.1304,4.7719,8.1293,,,,,,,
263657013957670,陀螺仪,,,,,,,,0.1656,0.5102,-0.7271
263657021257358,加速度计,-0.6042,4.9944,7.8087,,,,,,,
263657030828712,加速度计,-1.2885,5.2409,7.8733,,,,,,,
263657033100327,陀螺仪,,,,,,,,0.2435,0.0484,-0.7066
263657040400014,加速度计,-1.7551,5.2098,7.9044,,,,,,,
263657049971368,加速度计,-1.8963,5.0782,8.0527,,,,,,,
263657052243035,陀螺仪,,,,,,,,0.3116,-0.3508,-0.4598
263657059542723,加速度计,-2.0566,5.0112,8.2537,,,,,,,
263657069114025,加速度计,-2.2002,4.9848,8.3997,,,,,,,
263657071385691,陀螺仪,,,,,,,,0.3385,-0.4559,-0.1266
263657078685379,加速度计,-1.8269,4.9753,8.2202,,,,,,,
263657088256733,加速度计,-1.2981,4.9992,8.0145,,,,,,,
263657090528348,陀螺仪,,,,,,,,0.2292,-0.3370,0.0735
263657097828035,加速度计,-0.8291,5.2552,7.9857,,,,,,,
263657107399389,加速度计,-0.6138,5.4873,7.9307,,,,,,,
263657109671056,陀螺仪,,,,,,,,0.0370,-0.1700,0.0823
263657116970743,加速度计,-0.5874,5.4993,7.8422,,,,,,,
263657126542098,加速度计,-0.6784,5.4347,7.8613,,,,,,,
263657128813712,陀螺仪,,,,,,,,-0.1380,-0.0628,0.0582
263657136113400,加速度计,-0.4295,5.7458,8.3973,,,,,,,
263657145684754,加速度计,-0.2979,5.5807,8.6103,,,,,,,
263657147956368,陀螺仪,,,,,,,,-0.2119,-0.0221,-0.0194
263657155256056,加速度计,-0.3912,5.3653,8.7658,,,,,,,
263657164827410,加速度计,-0.6736,5.3246,9.0506,,,,,,,
263657167099077,陀螺仪,,,,,,,,-0.1239,-0.0426,-0.0970
263657174398764,加速度计,-0.9823,5.2505,9.1463,,,,,,,
263657183970066,加速度计,-1.0325,5.0040,9.0458,,,,,,,
263657186241733,陀螺仪,,,,,,,,0.0236,-0.0179,-0.0890
263657193541420,加速度计,-1.2239,4.8532,8.9524,,,,,,,
263657203112723,加速度计,-1.3149,4.7743,8.9022,,,,,,,
263657205384389,陀螺仪,,,,,,,,0.1308,-0.0151,-0.0276
263657212684077,加速度计,-1.3125,4.7504,8.7610,,,,,,,
263657222255431,加速度计,-1.2646,4.6977,8.5217,,,,,,,
263657224527045,陀螺仪,,,,,,,,0.1788,0.0365,0.0634
263657231826733,加速度计,-1.0373,4.8843,8.4069,,,,,,,
263657241398087,加速度计,-0.8698,5.0255,8.2418,,,,,,,
263657243669754,陀螺仪,,,,,,,,0.1705,0.0814,0.0762
263657250969441,加速度计,-0.5970,4.9107,8.0121,,,,,,,
263657260540691,加速度计,-0.7214,4.8126,7.8541,,,,,,,
263657262812410,陀螺仪,,,,,,,,0.1250,0.0365,-0.0176
263657270112098,加速度计,-0.9583,4.7671,7.9570,,,,,,,
263657279683400,加速度计,-1.0732,4.7767,8.1963,,,,,,,
263657281955066,陀螺仪,,,,,,,,0.0981,-0.0170,-0.0603
263657289254754,加速度计,-0.7430,4.8508,8.6629,,,,,,,
263657298826108,加速度计,-0.2094,4.7049,9.0123,,,,,,,
263657301097723,陀螺仪,,,,,,,,0.0941,0.2417,-0.1969
263657308397410,加速度计,0.1400,4.4034,8.8304,,,,,,,
263657317968764,加速度计,0.3434,4.4249,8.6940,,,,,,,
263657320240379,陀螺仪,,,,,,,,0.1262,0.6984,-0.4207
263657327540066,加速度计,0.1352,4.6834,8.5433,,,,,,,
263657337111420,加速度计,-0.4223,4.9777,8.2011,,,,,,,
263657346682775,加速度计,-1.0899,5.2217,7.7249,,,,,,,
263657339383087,陀螺仪,,,,,,,,0.1464,1.1797,-0.6012
263657356254077,加速度计,-2.7864,5.5256,7.1913,,,,,,,
263657358525743,陀螺仪,,,,,,,,0.1015,1.2020,-0.5991
263657365825431,加速度计,-4.8156,6.1645,6.4256,,,,,,,
263657375396733,加速度计,-4.6409,6.1789,5.9375,,,,,,,
263657377668400,陀螺仪,,,,,,,,-0.0326,0.5347,-0.0411
263657384968087,加速度计,-3.4325,5.7553,6.6218,,,,,,,
263657394539441,加速度计,-0.6281,5.4730,7.7776,,,,,,,
263657396811056,陀螺仪,,,,,,,,-0.1539,0.1180,0.1840
263657404110743,加速度计,-0.2237,5.5831,8.2298,,,,,,,
263657413682098,加速度计,-1.0493,5.6237,7.9977,,,,,,,
263657423253400,加速度计,-1.7815,5.4227,7.8852,,,,,,,
263657415953712,陀螺仪,,,,,,,,-0.2391,0.3285,-0.1162
263657432824754,加速度计,-1.8461,5.2002,7.8996,,,,,,,
263657442396056,加速度计,-2.3797,5.1547,7.7321,,,,,,,
263657435096368,陀螺仪,,,,,,,,-0.3722,0.4409,-0.1254
263657451967410,加速度计,-2.6094,5.0064,7.6651,,,,,,,
263657454239077,陀螺仪,,,,,,,,-0.4746,0.3725,0.0231
263657461538764,加速度计,-2.4586,5.0160,7.7441,,,,,,,
263657471110066,加速度计,-2.1619,5.1691,7.9786,,,,,,,
263657473381733,陀螺仪,,,,,,,,-0.5341,0.2292,0.1526
263657480681420,加速度计,-1.8389,5.3438,8.1939,,,,,,,
263657490252723,加速度计,-1.7791,5.4179,8.5098,,,,,,,
263657492524389,陀螺仪,,,,,,,,-0.5405,0.0933,0.0594
263657499824077,加速度计,-2.0518,5.3127,8.7275,,,,,,,
263657509395379,加速度计,-2.4730,5.0830,8.9237,,,,,,,
263657511667045,陀螺仪,,,,,,,,-0.4871,0.0093,-0.0283
263657518966733,加速度计,-2.6285,4.8461,8.9955,,,,,,,
263657528538035,加速度计,-2.4227,4.7145,9.2755,,,,,,,
263657530809702,陀螺仪,,,,,,,,-0.4019,-0.0683,0.0249
263657538109389,加速度计,-1.9561,4.6905,9.5602,,,,,,,
263657547680691,加速度计,-1.4871,4.8078,9.7804,,,,,,,
263657549952358,陀螺仪,,,,,,,,-0.2562,-0.0093,0.0160
263657557252045,加速度计,-1.3771,4.8939,9.8785,,,,,,,
263657566823400,加速度计,-1.4776,4.8580,9.9383,,,,,,,
263657569095014,陀螺仪,,,,,,,,-0.0812,0.0777,-0.0600
263657576394702,加速度计,-1.7288,4.7073,9.9981,,,,,,,
263657585966056,加速度计,-2.0806,4.5374,9.8665,,,,,,,
263657595537358,加速度计,-2.4682,4.4034,9.4956,,,,,,,
263657588237670,陀螺仪,,,,,,,,0.0856,0.1776,-0.0866
263657605108712,加速度计,-2.7410,4.3507,9.0242,,,,,,,
263657607380327,陀螺仪,,,,,,,,0.1656,0.2790,0.0032
263657614680014,加速度计,-2.8558,4.3699,8.5935,,,,,,,
263657624251368,加速度计,-2.8654,4.4321,8.2537,,,,,,,
263657626522983,陀螺仪,,,,,,,,0.1650,0.2854,0.1315
263657633822670,加速度计,-2.7362,4.5637,8.1365,,,,,,,
263657643394025,加速度计,-2.4969,4.6666,8.1030,,,,,,,
263657652965327,加速度计,-2.2481,4.7695,8.1556,,,,,,,
263657645665639,陀螺仪,,,,,,,,0.1653,0.2091,0.1962
263657662536681,加速度计,-2.0471,4.8389,8.2202,,,,,,,
263657664808295,陀螺仪,,,,,,,,0.1894,0.1220,0.1691
263657672107983,加速度计,-1.9155,4.9059,8.2274,,,,,,,
263657681679337,加速度计,-1.8532,4.9274,8.1844,,,,,,,
263657683950952,陀螺仪,,,,,,,,0.1968,0.1107,0.1034
263657691250639,加速度计,-1.8341,4.8317,8.1724,,,,,,,
263657700821993,加速度计,-1.9370,4.6666,8.1652,,,,,,,
263657703093608,陀螺仪,,,,,,,,0.1574,0.2647,0.0793
263657710393295,加速度计,-1.8652,4.6355,8.2202,,,,,,,
263657719964650,加速度计,-1.8867,4.6355,8.4882,,,,,,,
263657729535952,加速度计,-1.8508,4.6403,8.6103,,,,,,,
263657722236264,陀螺仪,,,,,,,,0.0865,0.6278,0.0884
263657739107306,加速度计,-1.8437,4.6044,8.3758,,,,,,,
263657741378920,陀螺仪,,,,,,,,0.0175,1.0557,0.1132
263657748678608,加速度计,-1.8915,4.7527,8.2561,,,,,,,
263657758249962,加速度计,-2.0566,4.9633,8.2202,,,,,,,
263657760521577,陀螺仪,,,,,,,,-0.0088,1.1385,0.1187
263657767821264,加速度计,-2.3055,5.0447,8.4093,,,,,,,
263657777392618,加速度计,-2.6070,4.9920,8.6581,,,,,,,
263657786963920,加速度计,-2.9157,4.8102,8.7610,,,,,,,
263657779664233,陀螺仪,,,,,,,,-0.0161,1.2610,0.0649
263657796535275,加速度计,-3.1669,4.6546,8.6629,,,,,,,
263657798806889,陀螺仪,,,,,,,,0.0013,1.4174,0.1141
263657806106577,加速度计,-3.3870,4.5972,8.4571,,,,,,,
263657815677931,加速度计,-3.4899,4.7312,8.2083,,,,,,,
263657817949545,陀螺仪,,,,,,,,0.0816,1.2872,0.2191
263657825249233,加速度计,-3.5474,4.9202,8.1102,,,,,,,
263657834820587,加速度计,-3.5521,5.1380,8.0647,,,,,,,
263657837092202,陀螺仪,,,,,,,,0.1940,1.0380,0.2524
263657844391889,加速度计,-3.5665,5.2576,8.0671,,,,,,,
263657853963243,加速度计,-3.4516,5.3916,8.1269,,,,,,,
263657863534545,加速度计,-3.4277,5.4179,8.0384,,,,,,,
263657856234858,陀螺仪,,,,,,,,0.2606,0.9229,0.2283
263657873105900,加速度计,-3.4684,5.3533,7.9403,,,,,,,
263657875377514,陀螺仪,,,,,,,,0.2658,0.8997,0.1721
263657882677202,加速度计,-3.5139,5.3246,7.7871,,,,,,,
263657892248556,加速度计,-3.6024,5.2002,7.5742,,,,,,,
263657894520170,陀螺仪,,,,,,,,0.2264,0.8981,0.1422
263657901819858,加速度计,-3.7364,5.0997,7.3708,,,,,,,
263657911391160,加速度计,-3.8010,5.1356,7.2296,,,,,,,
263657913662827,陀螺仪,,,,,,,,0.1510,0.9201,0.1568
263657920962514,加速度计,-3.7603,5.3103,7.1076,,,,,,,
263657930533816,加速度计,-3.6718,5.4467,7.0143,,,,,,,
263657940105170,加速度计,-3.6335,5.4873,6.9640,,,,,,,
263657932805483,陀螺仪,,,,,,,,0.1116,0.8529,0.1434
263657949676473,加速度计,-3.7053,5.6094,6.9185,,,,,,,
263657951948139,陀螺仪,,,,,,,,0.1384,0.6690,0.0677
263657959247827,加速度计,-3.8201,5.5735,6.9305,,,,,,,
263657968819129,加速度计,-3.9326,5.3509,6.9975,,,,,,,
263657971090795,陀螺仪,,,,,,,,0.1757,0.4974,0.0118
263657978390483,加速度计,-3.9829,5.1260,7.0669,,,,,,,
263657987961785,加速度计,-3.9996,5.1069,7.0525,,,,,,,
263657990233452,陀螺仪,,,,,,,,0.1574,0.4922,0.0246
263657997533139,加速度计,-4.0379,5.1978,7.1267,,,,,,,
263658007104441,加速度计,-4.0738,5.3294,7.1339,,,,,,,
263658009376108,陀螺仪,,,,,,,,0.1088,0.5643,0.0313
263658016675795,加速度计,-4.1432,5.4227,7.0789,,,,,,,
263658026247045,加速度计,-4.1839,5.4179,6.9497,,,,,,,
263658028518712,陀螺仪,,,,,,,,0.0770,0.5692,0.0108
263658035818400,加速度计,-4.2245,5.3222,6.8157,,,,,,,
263658045389754,加速度计,-4.2987,5.2720,6.7032,,,,,,,
263658047661368,陀螺仪,,,,,,,,0.0566,0.5017,0.0078
263658054961056,加速度计,-4.3920,5.2959,6.7750,,,,,,,
263658064532410,加速度计,-4.4255,5.3701,6.9305,,,,,,,
263658074103712,加速度计,-4.4088,5.3653,6.9832,,,,,,,
263658066804025,陀螺仪,,,,,,,,0.0508,0.4522,0.0234
2636580836750